17926
36847
34304
26014
38383
38149
29328
11612
30578
13350
22308
14397
32382
32748
37797
17778
37574
11573
25763
15025
39674
26560
15635
12044
27482
21766
12812
26436
15392
38639
33088
33086
22211
27992
28222
24629
29537
34000
17929
10446
31416
35509
24219
15013
21065
22101
21382
32288
19121
21059
25913
29897
26926
32109
34880
12324
33505
32066
12984
30165
29210
15508
22498
38658
19630
35360
14283
37007
31041
10338
15094
14632
14620
13283
12723
10654
31148
26344
13406
16403
31132
31491
20586
12013
26994
17741
25293
34879
39806
26603
19938
15585
30295
22133
22098
31265
39078
17238
14085
32459
39780
39190
39585
23053
28588
35923
16305
16715
28635
19615
21146
32432
28802
10499
33064
12222
10024
10803
25587
25082
24635
39626
24537
29535
35055
16327
28696
14057
14818
37828
39663
12622
24761
29030
26462
35735
25264
10164
10913
13454
15951
29916
39794
13829
17800
23440
31904
16218
31282
12295
25258
39451
20088
29259
28501
15891
38438
33587
32375
10155
31909
10350
37352
25480
26017
25701
16168
25217
21744
36751
24348
17968
30920
34511
26547
34878
10450
36478
15808
11849
29523
18170
26153
39898
38944
22443
15713
37136
30456
21087
39685
13724
39886
36537
13102
11111
21937
34795
23568
11526
21920
19812
22503
37944
15195
26666
31711
31216
32818
27841
26276
21999
17602
18223
26514
24585
17403
35146
11652
13688
14131
32229
18251
20644
16166
29153
16247
27484
31636
22380
12385
15513
29666
38285
32525
25211
27421
16191
23230
32383
23045
11783
24826
25054
29681
12469
34670
38809
26170
30893
28849
29347
20936
23721
34833
34973
27243
28718
31803
11938
11476
26723
16720
29114
10618
37314
30598
38321
25981
18117
25338
26658
10233
12275
36769
21856
27995
22203
17193
20030
37154
22300
29606
32139
38137
34028
35362
14901
14154
31809
21960
17141
13870
37018
24735
31656
16957
24894
17794
17381
37011
17450
27069
12182
21936
14991
15577
11805
34051
39638
19849
29241
19168
33857
32579
16386
24397
29812
15507
11871
39270
21766
37818
19570
21541
24448
19435
17760
35966
39267
21300
21755
11786
37773
18685
19167
18089
35171
15680
21543
10529
39442
35704
32752
30205
18292
13516
18811
26238
29718
22006
11103
23593
20233
38350
12566
22956
33552
24628
24517
24892
14229
24019
21061
30449
37877
27531
18263
11518
25177
14048
24967
36625
10029
38219
21177
13991
13189
28361
20496
36119
30498
10139
31527
19769
10874
22563
32981
22551
11071
23096
20855
31077
32748
27044
29307
22193
33583
37407
13953
23564
22986
32263
12359
37780
30902
15373
13308
35850
12442
10595
37263
18969
23180
16652
11029
36900
30765
38246
28563
11777
39269
36959
16129
19985
32300
24504
18894
32459
35503
31650
17559
38051
19156
31461
23226
37638
26782
25746
27489
32120
12957
24847
11312
35153
13254
12391
19681
19555
16293
35101
11343
30024
14888
20282
17472
23089
10671
19437
38605
36556
23261
28303
23719
29443
39667
11752
26670
17284
18971
36216
10171
15874
17558
29772
24284
30423
26256
11979
14413
38792
26954
20826
11557
25242
29264
19440
22813
13558
18158
27151
39395
30777
33056
30223
19811
17386
37391
23190
30706
22264
35384
35035
29800
31769
11717
14500
32601
25034
29141
19124
29345
13646
11104
29416
39610
11519
26664
21411
36566
17737
30764
19181
38546
10037
17239
24056
27877
18708
10065
29820
36270
35053
21951
20474
38579
30352
37986
28851
17070
19445
39872
13280
11543
38004
32526
33401
21278
36760
38432
35698
32537
22175
19116
27421
23081
13326
11171
29720
24764
32119
20249
24409
35161
37078
16626
10892
16302
28859
10456
25507
15169
11193
18293
33246
24143
30472
39762
12835
36073
12158
31097
24196
21512
24386
38504
36628
20541
13266
24087
23235
26293
31011
29176
35800
15275
21818
20269
35721
14417
31579
24686
16434
22763
31436
28948
38655
34444
30115
14316
35164
12504
33535
37389
24130
37539
11949
38135
18501
29832
29903
21670
10416
22678
31482
35471
14837
19106
36796
22198
36674
27027
34597
13974
21370
37249
21056
16301
15327
16362
17470
14563
38004
24059
39099
32112
36397
24199
37639
38990
21485
27594
17464
31437
15548
18597
26379
36258
36343
16612
39976
20086
12068
26491
31941
30047
37002
23568
26281
26283
11640
27500
32187
16772
25597
31126
20410
27602
34409
12345
30482
36027
28233
12345
29695
38340
29887
10003
38890
12915
17089
23032
13895
23198
31405
34609
36089
19738
30885
21066
23924
37672
34802
11061
23471
28807
27706
35819
37988
26754
16196
33001
28172
10483
18484
38476
17217
33436
37163
16356
18907
15932
21190
32156
28854
32308
14165
24972
11290
24691
33744
12908
25819
19833
22805
11830
19722
21031
24743
32607
23577
30538
23658
20018
26846
35788
26657
12262
28304
32771
30023
39690
12885
27855
10173
36129
32496
31254
11842
36211
25447
26666
28996
33959
39855
39544
29064
10605
31328
28668
37184
23781
14202
23358
10022
38160
32912
16028
17773
18154
30138
29766
22755
22469
36820
36350
29374
27690
30115
25242
28952
31146
22418
10279
22691
23202
26779
34253
23446
16807
37626
35952
23264
15207
21789
24245
22398
10813
33039
32937
27829
16947
17086
17239
22363
17878
14979
22569
35955
35651
19693
13283
16884
15096
38002
23598
12926
14174
35687
32344
12898
39526
24137
20327
39155
14607
22254
21073
12790
25684
18046
18404
29126
31561
39247
31165
18819
34132
19961
21584
20521
22043
12887
31962
32138
13486
11743
25982
25859
28000
23151
19201
11793
24207
38417
16799
26135
23895
35564
25078
31074
26907
17847
22275
37982
31782
34770
17517
28021
14280
18716
28087
26837
37749
15319
37521
29488
26371
10089
14445
33272
22474
22620
12207
39437
11701
37613
16312
35889
21386
18525
35638
35900
20667
24188
19167
12888
36415
20699
34555
12993
12100
19593
34536
10474
34199
28220
18765
34790
25513
13138
26784
30746
13572
38000
27199
26551
19420
32270
22203
11581
34928
31328
14682
10837
27359
35918
15586
17173
13774
39225
33268
24334
34623
11715
30956
32171
27710
28681
19407
28582
36856
31891
31891
12243
10472
30517
15155
25208
34133
17197
15808
20720
35955
20729
28850
18750
17795
25893
27830
23902
19000
19902
33345
38672
34331
34682
19081
39785
16497
31106
28908
24254
24096
22323
37004
27501
18690
24347
24387
22050
37338
31750
29569
21304
31525
23651
35638
31133
16954
12700
11040
32195
17234
26100
33324
22801
36709
14988
33059
33637
15239
29677
20313
30639
13723
22183
19366
18824
18776
27565
25879
20377
18077
28427
30962
12810
26379
26797
11663
16555
16678
32262
39167
30067
35808
10709
21046
38606
10044
15321
30161
32176
21020
39834
27510
28589
33411
16054
22451
14597
35196
15169
31444
33143
38834
12135
27506
17042
18603
24583
13224
29892
28255
18772
37224
20322
24844
29284
28937
27116
17486
14049
10503
38088
34506
38574
12670
13741
25924
26154
22120
27466
32767
38015
28200
30784
31224
17310
18252
18524
32886
39693
24316
18387
35736
26432
36520
37254
15797
14565
10308
37014
37092
33781
36508
33852
18670
19994
16459
29131
20764
11484
24089
19070
24419
24143
37254
20746
20589
11210
12003
36651
19699
17391
37856
21145
24547
38382
19521
23016
14656
15715
30994
38401
23489
35944
35843
32737
13550
37236
15113
21233
25088
17445
27657
22462
15728
33993
19251
39409
24359
19507
22018
13295
30073
27768
10370
12974
35351
28895
21318
24062
16711
31848
14252
10882
20407
12978
20725
23654
28186
16827
28357
29384
20280
29106
33319
38834
34492
10420
38498
15116
24491
22908
39906
29791
37238
39835
38189
36553
14952
12288
12833
37977
13407
31126
16724
38428
24364
15319
13244
16885
18902
29519
39245
39274
24366
37090
35369
29572
27813
10837
21981
34257
24308
18272
32785
29013
29605
15495
23480
21883
34803
39485
30287
29850
15283
11606
12355
35474
19156
22047
36837
28751
22869
26275
11624
24841
10857
39974
18413
22801
17594
11317
22515
20239
18269
20114
23308
22834
34539
36005
38410
20213
25691
26224
11367
10312
18968
31091
31960
35340
11439
37273
24122
22398
32032
26540
15296
19239
11477
27455
39161
32759
17171
25125
39131
22112
33956
39015
17851
24662
11307
37683
34738
34287
22597
16430
32855
31204
14017
25337
23746
10312
27486
11483
26088
36600
12414
26276
16355
25631
13674
19169
38839
16170
12715
28570
21170
25925
36087
37179
21493
20216
21907
16052
11907
37016
39213
37729
37096
12264
29833
26789
22500
39279
32687
26098
22558
32062
26847
10331
20988
29277
11710
39352
37517
38210
11036
13414
10308
38247
20161
24621
13859
37790
19479
21490
28303
29728
11114
25360
35195
34029
34891
29855
37450
29838
18639
30465
35677
39430
34673
10596
16830
30880
17827
21852
17241
23900
21181
23783
25375
18590
16410
14981
27168
39441
17055
15939
36967
36855
18237
33033
38382
33536
12913
20222
32205
17846
32947
15444
32415
17136
24947
22541
20805
38835
25211
39601
28616
20792
17898
17774
36835
35685
30461
21945
30751
25721
17190
22441
22762
12845
36153
27228
36394
14448
13490
14995
12503
33121
24530
22918
18194
35046
29290
30946
29338
35785
24910
12189
15752
12613
14721
20126
34142
20345
22543
10873
39629
33067
38420
37667
25708
36182
23738
20931
27747
10247
14648
10851
39718
18691
35109
16446
39732
39459
34763
16731
21092
37437
39747
26219
19055
26342
37606
36005
39245
32756
14768
26935
11759
37726
27280
17427
16897
36120
10849
31161
34351
20038
35718
25980
19234
14779
14412
36202
28185
38016
35407
16767
39808
29286
32840
37365
34455
19191
38662
13119
11826
29197
15930
20891
35433
20050
32951
37653
27986
12128
30395
39900
30239
29202
14967
34894
11558
10431
30376
38559
36492
37987
13103
29093
20839
32667
24957
34479
10189
12287
35747
14428
31561
23621
10197
11545
14110
31631
20478
27685
15386
24170
20588
11533
10693
34627
38095
11997
25673
33762
33650
30941
32531
33936
16950
23878
11548
24838
14164
39525
27293
11505
33405
13669
18331
26758
28202
29364
23176
36322
16613
28069
16665
28035
14978
20772
17199
33692
22057
22787
31313
31350
27886
37076
31363
31001
37654
28280
39164
18445
35165
22650
24538
17660
19566
32605
23340
15274
36221
26481
16523
20805
31812
26203
30019
26304
12011
23986
19568
38972
37202
28011
36525
37442
36973
34405
25251
17305
35531
30096
25418
28544
28290
35619
15362
36258
20396
38148
14105
15689
34915
11056
31867
24794
35441
13054
37695
35998
14648
32272
38933
22380
12017
33857
23008
26343
27059
37151
36436
26588
10818
20154
30146
39075
24866
15409
35681
36017
13375
21890
27609
19387
10577
33967
18410
11678
19826
12169
34082
32711
16542
21721
28405
39337
32141
18572
16507
12145
21158
36256
16914
36058
24234
29355
35622
25834
20140
16983
35113
37132
37921
13932
20278
10942
35530
11880
17488
12421
32531
37564
28751
32857
22543
14049
21915
24375
22548
25072
37898
10636
25833
13182
17706
23407
25756
32102
19827
29757
23714
36058
21670
36513
25126
30882
30955
25718
25891
38104
34175
14577
39571
25849
32433
28672
18638
25730
25181
12096
26968
32443
29998
35971
13434
10587
12955
15091
30019
34619
39570
38256
18028
38033
11780
28306
37140
27338
34061
14003
14340
34038
24197
19878
26909
38839
27938
20460
16083
12643
37336
33275
37041
25004
20838
28776
29089
25530
17767
29343
15524
13071
18606
11116
29812
37742
32959
24024
36910
22979
27644
20468
28788
19613
16071
31742
19527
30992
37097
31985
18154
17527
28686
34604
12222
32274
18174
20581
16371
33715
25052
29852
25999
32497
13939
36171
28183
29311
25718
28342
33689
19949
12316
30988
30311
25751
37315
39149
37159
14144
39688
36011
22905
30083
15177
22162
27713
33187
27905
28566
13740
18258
29247
10392
17378
34570
31657
34589
36375
16764
26673
33766
23765
39649
15141
13703
20041
22844
20882
28860
38234
11385
20810
37895
10951
23358
39555
30768
38670
10108
22528
24536
10584
37745
20071
12791
36170
33472
15541
13391
20441
23455
36939
18787
10021
24002
35526
19207
18880
10114
32086
10633
33423
15285
18088
32895
28963
22172
27317
23858
38532
12004
21555
32609
36290
38471
21042
22913
16536
24050
30173
30151
27226
35997
29662
13447
30009
20779
33163
37326
10344
29390
28433
16141
23125
37048
21845
14291
30913
22859
28733
17281
37586
17420
38697
34572
23372
38495
25661
13512
13305
29901
23694
22800
28608
24919
11605
27340
10643
10569
30217
39245
18136
18288
38972
26257
23281
23041
35176
29315
23313
12126
12027
24519
36063
39817
32907
16781
26448
33350
19962
39397
36892
11426
24208
21287
37523
37568
29918
26048
33121
19966
20795
25400
22183
23796
36978
37924
36937
23885
31577
25907
18221
38060
22208
12807
36401
19572
28819
17422
39366
16410
19715
24154
20819
32017
36616
17675
15223
20366
25719
34327
29046
26783
12414
14456
34634
34434
16189
31636
10904
28103
34456
20127
17796
22589
27541
21551
39919
20848
29346
25704
37657
13858
34718
20313
26204
34104
13910
22944
25067
17985
30779
22633
24416
22391
13948
10423
20277
39317
36339
30902
35829
26353
20930
17128
35399
13722
13337
19260
29274
19287
11738
14773
36489
37440
33841
29929
22094
23652
32250
34272
31957
17647
11051
21839
19630
27343
27937
35190
33971
11922
13103
39898
24142
39449
11479
24458
27471
26529
29761
25521
30504
10441
15079
38204
25796
15863
34489
21622
31805
25640
37428
14763
31272
38092
36782
39014
23244
28671
25666
30286
16649
24527
36627
18575
18722
27849
11937
19187
10927
35922
30424
28119
13739
10461
12945
20035
28241
19171
22750
32189
19913
21416
14795
23780
17083
11196
25953
22599
38354
31338
14523
10739
16188
37855
13109
20151
32592
32511
35005
31010
18289
16328
16158
12573
22049
35853
33281
15679
19891
24825
18145
14615
19328
34391
31568
38935
39616
18038
23912
28323
11421
28080
22346
17419
20449
18190
19394
10936
38805
39629
10424
18572
30882
26133
19890
23134
23485
29073
24539
28732
10854
34369
28280
29374
34297
21798
13211
24338
39138
11127
20421
31134
37880
28465
37718
28058
19077
17833
38443
13417
23411
34348
32394
39426
36567
31630
36267
31255
18926
21385
26991
31400
35648
25652
14838
28550
37180
24904
38607
34265
26600
25301
19087
28463
19890
36710
14534
25601
11737
21620
15806
31789
10587
20941
18506
36486
20412
25705
18618
21079
21217
22514
35752
17059
17496
13936
33340
32394
11203
37174
14649
19726
12736
13590
23862
38930
27763
36719
12560
39165
31714
20749
24723
15562
22429
39847
35139
32977
15754
14273
10707
20724
34644
19552
39712
26310
14014
35955
34722
29912
10858
22118
32352
36882
38460
33875
28102
31977
18816
35426
37389
14439
27768
29587
33697
21981
30911
31223
22638
18631
29619
26402
38155
26754
31098
18146
28479
15442
33821
38540
13377
34341
32039
38435
25481
28223
30946
25941
23724
29210
24498
18388
18426
15623
19945
22269
38648
34133
13464
26745
25853
32429
25202
25178
23004
36746
18973
39821
12725
25171
29819
34049
19509
37247
25313
17707
32151
30638
15282
21132
12559
24438
13268
27077
16246
17885
31572
25161
21223
39493
22572
39032
28695
35297
39271
23098
32406
20759
30016
24278
22031
15147
35378
39485
15723
36364
22994
29562
30823
27538
28641
26627
36802
23108
28509
11743
39857
13857
17666
10659
25256
33671
33827
18124
19664
32691
15182
21217
15677
25169
24213
17113
30621
12033
29442
26360
38895
25420
30336
34004
18526
11071
28295
12508
23549
22786
16884
32250
34231
30999
32641
24730
34366
30285
17487
34197
31807
10134
36866
24454
15570
33146
23846
18567
20952
18994
29114
37017
13818
29822
12076
14891
35728
33971
31798
23088
26443
14821
33435
36167
16172
35222
23531
31993
21133
33617
34784
12893
15282
18312
16062
24952
32615
19014
19071
39726
38370
28858
15147
18674
28961
23778
22880
31020
38239
13898
30550
36280
36677
26654
32458
10833
12476
14322
32884
36309
24018
29540
18010
24512
28485
25151
26914
34517
23669
36210
14592
10888
22682
10376
21675
39823
10800
24315
28515
28370
27770
25583
30488
17231
26661
25494
35760
18041
33282
24620
19133
25639
31495
28635
22673
11575
34575
30227
34453
38526
23029
24859
29044
10293
31544
39124
15686
19018
18863
17750
18764
24210
25529
13509
14038
11410
15539
32369
14596
11390
28621
12069
14984
23096
39310
34467
17283
25046
28203
25236
29798
30904
19899
37006
13811
29819
35221
30784
15750
37387
24037
35645
36301
35183
22469
12139
20987
29774
25255
12627
35396
10683
32144
20223
16248
24299
10164
16752
29330
14150
16746
11714
13828
11280
39370
29708
34532
34958
27302
24104
36419
15721
21612
18494
28477
16380
13376
21237
36197
39507
29719
32956
22935
15647
36045
20975
21708
31059
28352
23432
19176
24397
36334
37606
24744
24588
12203
22702
30408
39494
20697
16948
21310
10162
19723
25069
35261
33150
38431
37730
12220
28649
31685
29801
18762
25481
11264
31124
14593
28464
39071
28486
35366
39758
12082
28204
29204
36307
14124
36007
30597
35152
19946
13386
27506
22491
17584
38783
32166
25199
32112
17104
18638
38067
31878
18188
17420
19554
27510
35426
17874
14995
24055
28777
32873
22027
25026
39650
26544
22216
39497
35586
30494
17023
36910
38990
10980
39556
39087
22912
14190
38191
35681
18081
30337
17286
25376
33799
10932
29266
22352
21165
36487
18844
18088
32393
36468
32144
37801
12354
18450
23784
35922
15103
14826
22139
16850
33392
33304
10915
37818
16552
19726
19379
31499
36006
25217
26230
27862
12352
26625
21874
31354
19231
37319
23727
26044
36044
12209
29171
18080
24510
38096
19602
22479
34063
36654
21859
25081
37505
24486
27455
38824
33049
35331
16609
27883
30020
10850
30162
27759
16731
22726
36361
31802
13542
14204
10256
11651
21264
19480
12803
10512
13016
16853
34523
15181
19639
31321
39212
22851
35315
21485
38381
17135
26352
19415
16564
34665
29703
13625
13383
17498
11384
35760
34226
33507
27287
25640
12002
19816
35370
32505
28262
12888
29992
28240
21714
22634
39490
14176
34149
13309
30200
11846
38333
23956
32644
16641
21531
23023
18342
34510
24070
23854
16856
35310
30352
33217
22318
24065
17949
34996
18659
30696
16710
37319
35637
29912
33129
12305
20232
11700
16344
13297
38684
33315
27468
30503
11338
17541
19622
16514
23011
30691
24222
14528
19974
18538
15391
28296
24695
34621
28056
25790
26930
29594
23506
27033
10708
28683
14473
11307
34702
37494
18531
29260
11295
37384
27608
14218
15502
39311
12740
10097
38350
29222
28065
34879
23224
20481
30636
38057
22504
39904
18847
34677
13856
38215
31281
10104
13650
12848
21114
27955
21154
27798
37668
26212
28575
26320
23887
22248
16493
17319
25715
38706
25410
30668
24615
20610
31276
16746
28651
29630
22836
20211
18881
34101
32203
39880
25128
19543
17983
19248
17141
28735
26863
17743
10390
39750
12277
23471
11694
16126
21571
27036
21285
26294
14560
14684
25087
39236
38621
25708
21088
38703
21609
14630
29499
16456
26535
34743
11229
10628
18872
15390
17924
13574
15996
12240
10748
39938
13397
29375
32738
26939
20618
36097
38442
25000
17333
32166
23018
10105
34853
37958
39809
23609
22952
16402
20944
13651
10561
13948
30525
25771
17684
24557
34948
32376
27726
36933
33375
38919
18555
33269
12420
12858
17589
30659
23153
11761
37221
34221
15464
18117
22488
32216
11546
30302
33313
12044
13400
13695
29472
10182
11692
30916
24386
37840
32609
38987
24772
21470
25351
37622
22665
19207
34223
37743
31605
32383
10865
21354
27158
19755
33357
15548
33404
29467
23321
21832
22591
37611
31108
32377
29229
26597
26460
39538
28483
35820
36502
25432
23726
29755
14906
36945
26239
28870
34599
11552
36723
35074
11804
19354
33556
13873
31967
12986
14073
37585
27610
14001
26767
34186
10030
27524
11495
14220
13990
31142
33018
10322
24089
15583
29893
30307
26200
29790
24942
38340
38755
37076
11941
15811
12338
30487
36646
10639
32620
10415
15066
37227
25525
22308
26188
21605
33939
26387
19712
37992
10043
11060
38885
24458
14548
31310
12671
13923
22147
11142
17791
11767
26626
14878
10681
22266
16167
32713
33554
30384
39735
23537
22107
21894
39955
12238
39037
25755
27134
29530
32984
17540
12161
34069
33516
37463
30742
23662
14596
35752
31300
22018
32692
32754
39886
27456
21631
35268
20542
26664
16902
20689
10472
23474
31491
39659
33686
35008
25775
35675
18683
19948
31699
16326
11723
19806
37049
23276
38244
27862
36100
12469
39383
24364
20243
30468
26554
24815
11319
11020
33011
24152
10202
15410
35855
12468
34816
34818
38962
16419
38501
20454
29976
23546
29570
25327
18115
25701
19169
23053
37196
24756
20616
25618
17924
22887
34684
36679
25370
12483
19696
14864
32607
38773
21921
12166
30578
24939
23871
38164
25465
15339
38227
31132
29837
28456
30943
10409
12701
39256
10533
22515
22548
14668
10576
28085
18765
35809
31241
12997
33277
29177
21706
27425
20354
39919
35766
11334
34055
26725
30934
12737
33718
35479
21541
12547
30165
18891
18284
18392
33058
33985
11539
33546
20889
20938
22164
24725
35584
29090
25756
12486
26239
39350
23927
17822
28388
35110
10365
39178
29397
24153
29872
18875
12982
33966
18857
16065
34415
39879
32985
27413
20124
26823
14056
26665
37040
16712
11376
39040
14300
17038
11893
12957
12166
21577
37582
30604
22963
32715
27939
26638
30239
26415
11193
35309
13151
26411
28378
28962
12909
23475
12099
17461
21152
21053
15315
18953
19966
35357
24178
16605
18012
19184
17961
20268
32591
31037
30273
16776
28093
36992
18483
21365
24935
35324
26124
10003
39378
24610
10894
26766
36528
17000
16295
26293
29854
12100
29089
34888
21846
34811
22329
23732
37050
37846
27051
27283
25873
34532
23352
21576
27511
36962
10717
39604
36175
14869
12853
36812
13964
37012
35687
12217
17837
31437
15089
34611
36814
24406
21572
36555
17932
15978
32976
34660
28422
34110
29330
17896
12358
35795
16521
19736
31375
10721
38297
11132
25140
12285
26891
38426
34886
21349
25300
20215
37441
15610
26467
21359
27411
32718
35324
38444
32823
11655
10610
14019
14602
31437
19073
37460
16656
27546
33560
15023
29000
12395
19808
27792
14521
29030
24949
30267
28392
27869
39197
20340
33047
18844
36076
23229
30470
11900
20955
22222
34143
24161
18991
30534
38750
20738
33126
39916
36989
23655
25023
37177
34732
35745
27067
35970
34723
13476
13740
39220
19513
28156
22382
10811
38487
35742
19147
28533
22602
16725
15927
28854
26587
11260
19415
10031
24505
19163
30729
18709
38497
29848
26919
16060
28955
21052
31494
32907
39136
21919
20699
12334
35092
13335
25228
39496
32763
14700
35359
33112
23203
22418
33209
18352
16237
14102
36981
35429
37002
11337
13291
30973
24594
25955
16824
29851
26272
23239
36933
29830
27258
14088
23986
35202
35671
27455
12580
21346
19512
37388
15153
11128
23856
29081
25060
24604
33579
39253
30878
33198
16040
35311
11487
22442
34710
20407
29183
22142
16702
38554
36081
37182
35458
28794
19557
24661
39356
36547
22443
25466
34734
32396
21126
18689
21983
33686
15533
10545
14814
27938
24883
34913
18304
22135
35795
10625
30353
10844
11207
26904
19313
36557
34319
21596
18054
15085
14356
20681
18173
38698
15434
26939
31865
21562
11200
12687
24442
31962
19669
20154
34602
15680
12104
14091
36742
18501
27236
11562
16826
39622
15872
37472
24238
16583
23709
15252
37949
35456
33346
18718
18844
12044
21297
23990
23485
18885
16946
38605
11073
35697
16602
10114
26023
31853
27738
20699
11650
11151
37982
36689
38221
12983
32739
21973
12411
24712
33478
10517
32819
13004
26136
37668
19195
33942
31128
13769
20440
17739
26628
31474
27253
39596
30159
23786
24788
14784
33826
18448
21794
14217
27565
31903
22725
27409
25561
33135
34626
28268
35860
27016
14378
27137
20520
10274
25166
29847
37318
28562
35921
17896
10293
23081
31447
19810
27510
31798
19358
10449
17028
13832
39022
26369
10734
25176
25946
21278
33476
11534
24665
24654
20236
13082
11323
31762
30975
38708
28856
36539
12861
36209
27727
37532
39854
38384
29933
13755
32141
38792
15726
26492
35833
24694
39234
24786
16344
14228
22085
27660
30468
38727
15077
21240
37450
21770
37818
26248
34235
39846
10314
27105
14995
31219
22726
31771
10755
38468
35417
31120
39534
10754
36710
12740
10531
27897
20040
28743
11975
20334
33526
25746
39088
13474
18235
36387
20216
20232
38302
35429
38615
32965
33468
34863
14714
18714
39738
36008
19439
35892
13887
28388
23833
13068
29156
37943
17764
18936
23934
21691
23162
34088
32371
22027
22665
33717
11397
36816
13319
28469
13525
21175
31230
36029
30788
34114
34526
18248
38111
16020
15734
27590
22224
29510
32391
14990
11162
31017
29947
15918
15068
33489
26421
20590
15461
18908
34584
18854
28872
14797
33671
16453
11115
21034
31335
25022
10584
15660
34567
19943
25188
34181
28054
30819
22853
10513
32476
30885
31596
20465
16407
36584
24940
17645
29889
32879
29437
35777
19654
23624
30534
36729
38736
29106
15175
25460
20523
36408
15505
18505
26092
11945
24357
18789
25330
34969
16025
22579
19516
14143
12791
25546
22031
32464
27934
33309
28883
16234
31532
19691
18200
34776
13835
20496
13023
31555
38363
18406
13008
10157
15302
19351
31691
26028
13849
38954
31071
26560
36164
22596
32875
19290
23101
30074
31219
16953
27279
34694
14543
12767
27907
16663
37930
13084
38244
24077
34034
13584
30237
34878
33798
23580
29644
37992
36041
13844
31107
36056
11323
25061
30472
34387
16835
11927
21352
18394
18523
23783
28997
22928
25463
22436
39344
24737
33749
16677
12407
26493
19165
35436
34357
18768
34780
18075
25981
31071
15419
37136
19388
34207
26762
20152
11782
32899
14625
10857
11068
33558
38152
23477
13707
18410
26783
31983
30574
27198
24723
34743
36578
37766
32462
36345
25976
30789
25320
17526
38034
32881
35403
27957
11894
15531
26912
12384
12327
21949
25728
17430
35474
22306
15216
39911
29070
37425
13306
25303
28785
15207
20967
39670
38320
10061
28148
13837
32764
35071
18050
12152
10556
39007
39582
10907
31213
33049
18692
24827
20029
35248
18503
20546
23210
27330
14199
33664
35938
27980
37881
21549
18440
29995
14746
34587
21582
13533
15708
22048
39808
25621
37088
39738
18428
39761
30782
29656
34598
11793
33893
26637
23182
17923
13830
13566
26294
25440
10728
16908
37685
17244
30768
18995
14311
25218
34074
19155
20944
19358
35836
29442
16524
26949
27667
10729
33868
14793
33212
11609
23526
16981
18617
22972
36383
33272
33457
32948
17354
18023
35904
22020
32224
21052
37305
20230
29449
26686
10226
26267
12283
29883
35972
27715
13450
21450
34044
17793
39591
19878
36646
11728
30380
11098
16114
34162
30210
18909
31780
23535
17629
12438
30273
28195
19324
28686
15792
21172
13808
21729
19373
29477
35714
36542
31954
15341
11844
13651
16679
16025
34370
33521
21120
24442
21123
19098
39979
37169
36113
16288
16882
38201
14516
25489
30649
13660
38371
20870
36591
39608
30576
21989
21596
36064
31455
17910
16543
32153
29271
29549
38818
22121
28020
29207
16485
22914
24436
30250
17460
30813
24970
18309
38293
39099
11337
21557
32512
19944
28333
25444
36072
32235
32658
14609
31923
27711
35238
27784
38014
37716
11045
29603
11473
37960
29253
12812
39494
29924
34331
33728
29124
14135
16853
23458
33823
15381
10396
13011
19056
28573
13265
29048
11704
19898
26166
31714
19056
37413
35927
18719
28728
15635
34675
11526
22545
14097
29828
29169
35400
22841
22182
39719
17897
25764
17024
39568
12612
20030
15714
12937
30957
11369
28521
11519
39116
33415
18403
39594
24796
26292
12073
14956
34716
10568
34081
35029
31952
36046
25517
24888
19019
18778
11654
10000
35012
37762
19579
38755
39187
16168
10128
27056
14815
32477
20200
23809
39567
25075
36120
15509
22470
20009
27816
38966
28873
22096
21219
36272
18960
28467
23410
31459
17467
36647
39194
16392
29103
13142
33149
38338
22385
21906
32536
34323
20890
17935
17721
33327
11300
19594
35269
16556
20070
16865
24069
25381
34930
31539
36056
31801
15781
32965
15168
21148
12125
24474
12487
37179
17128
38390
27053
11935
26145
34477
20132
33168
26884
22105
36752
33609
34587
28114
39742
27661
33922
17902
33235
26528
26753
16627
16027
32518
16884
24743
26217
22976
19162
32708
29282
37910
33468
34046
24347
33205
14893
36949
19386
19748
16291
30296
30102
22229
30547
29904
20375
33655
16273
34919
12418
28815
28897
23997
29375
17230
18811
16793
11662
34429
14232
37823
26406
15621
24426
31011
28513
27899
16172
38994
21129
12343
34204
31411
17920
34705
22495
17209
16424
30122
32951
38804
14310
31887
39502
36771
11692
25397
21127
23146
35129
34294
16646
27983
39754
25061
28181
18637
23184
16372
15289
10305
22457
38882
26433
26268
39589
37424
11548
24900
13048
19757
30013
20439
29920
22085
18188
30821
12138
28467
33046
33713
10852
39299
21887
28224
21840
37486
36389
10341
39232
28865
28627
10393
16442
36190
15010
36534
32856
29447
36775
24634
19896
32393
32828
36083
39911
11576
15051
36970
32076
35861
28639
19703
27923
16283
18908
36702
24276
26428
20495
21717
38355
16214
30161
29929
39050
28798
22551
23512
22753
22100
35396
26109
18616
14696
20221
22874
38681
36798
33680
36943
14508
22031
13604
34128
12222
38315
14259
17060
23783
39478
33631
17882
22533
17211
12163
37054
36363
38945
37469
22767
19608
29015
32393
16404
16148
10447
16377
34438
19869
29790
27291
38614
20736
27917
35294
24060
18796
20052
33793
39879
19064
18406
18437
33820
26768
31415
18191
22172
16797
21884
20665
31354
34819
37268
32392
26847
32881
10380
34067
31015
29555
26407
28703
30235
10289
31645
20428
31444
16195
35014
36571
34852
31790
18458
34162
38870
13248
13944
34810
37688
18207
21284
15641
21575
22511
31430
12060
32180
25526
16106
21497
26945
19163
25279
28950
31676
37682
35323
10094
24487
11858
16178
35552
34354
17028
23061
15610
32112
21414
27039
32003
20214
27325
30424
12702
20476
24400
11889
38181
10837
35790
13257
26557
38521
20531
15513
19497
16155
12241
31000
15565
26622
17701
14357
12296
26473
11078
10772
31966
37604
35187
37616
11635
37196
31294
36988
18137
39878
28906
25394
23486
37953
30480
14532
18049
29893
13324
14662
14393
34738
13407
20246
29536
24509
21663
35858
29195
35480
29103
20015
13461
30687
11318
30718
27273
32085
35120
33034
39639
25660
26191
29547
36210
33250
22837
22786
21740
24427
34555
15827
13361
19521
18094
20978
25947
27354
25704
30314
30486
21462
35867
26612
31001
17678
31410
32266
12006
38579
26118
19771
16650
29587
34250
23939
30936
19064
18927
16396
11677
11309
26304
27829
24954
10695
16185
26328
28769
27997
22702
13218
32502
28371
20801
36455
31768
25378
35339
16430
36141
29519
29164
16270
29965
24058
34192
36295
10142
33565
18605
14144
28732
35339
15494
27700
37075
16346
34551
26926
13931
33627
18358
34101
16551
19433
35749
23287
20676
37219
24991
27363
31081
30848
29648
16825
28338
10233
21865
26449
38606
34469
12714
18153
25581
11977
23591
27974
10659
27904
32069
34772
14003
10859
17396
12243
11835
35307
37187
32752
39113
39237
30190
23954
10856
24553
20845
28679
18698
24377
38576
29404
23126
27788
39580
11674
38893
10149
26562
29472
16203
24794
34911
10499
16731
20133
23375
31413
15908
29241
19478
30228
28903
31165
15817
14727
21321
31596
13544
21638
38294
11656
21648
32553
39938
30729
36529
36021
37755
22785
25858
26833
39418
32365
16111
23730
26384
15356
16703
37504
26172
27113
15944
33804
26013
19681
14900
35460
21373
15993
32823
34957
19096
31670
33687
39232
19521
29340
27391
26847
38023
17454
15570
27021
14719
33459
17545
31653
28490
12571
29611
37168
16846
38347
21456
13883
31675
11691
13716
19930
20776
13828
39072
36664
39348
12197
18210
31234
37810
18074
12609
29482
38892
38138
16532
14126
14669
21227
32100
28206
34440
33144
15379
23725
11523
14566
28435
27755
18918
19338
20031
23437
24270
32947
39389
21943
33780
28619
33551
27511
31037
31691
27008
36940
24868
25166
20759
19373
22385
31673
35352
34006
28618
19977
20129
25175
22325
34826
32462
26978
22663
28469
24415
22707
29892
14436
24668
33679
24164
26328
19242
37952
38992
32877
30891
34254
19029
21660
30120
36420
30198
11549
14659
29382
18693
15250
11902
20306
11530
21360
28658
37647
11570
23814
34874
13285
37061
19845
17045
14074
37901
11590
38732
14743
29283
31548
20275
12241
33593
30947
13205
19489
39245
14678
27516
35778
34697
29705
26356
24425
16050
21446
35900
18116
33160
37184
29621
24734
14183
10533
34669
34027
34467
23307
35998
24237
24929
30967
23873
14679
12730
34063
32755
29861
39653
36405
11317
29644
16530
16414
32316
14994
31283
23090
22420
35230
13041
28439
39227
31936
38921
35677
10055
33999
17059
20644
26728
38584
19917
18668
23578
32420
12998
10979
35359
36693
35510
36660
15456
38154
10588
23756
18586
34091
11563
39461
18457
16020
31950
10057
18880
33191
21287
39165
37562
10899
34351
32317
39623
22316
31603
30083
24256
36290
33813
10738
23301
22954
37332
29292
30087
38908
18216
10663
15364
13575
23988
17740
22402
11057
29900
38428
10031
36697
31802
36916
14369
33406
30487
11091
31099
23632
32608
39114
34386
38580
32582
10866
31499
19286
33070
38016
39742
15730
21793
34929
14001
33261
24712
21418
24208
23187
29559
11144
35209
33444
38989
15211
10549
30867
10785
10881
33021
27946
35565
28026
22107
12757
29885
29900
27099
37817
16350
24731
21335
36941
36004
19325
12453
36705
21632
10658
22947
12157
37954
31037
38356
22566
35180
29642
30082
37892
12750
31438
24509
31271
17221
10881
15854
25244
12385
26345
11592
15414
31118
23680
33168
35927
13396
18015
19080
26433
14389
33576
19107
26362
28980
27325
10180
30667
26253
23022
21665
11899
16556
11012
29169
37576
10089
10664
34454
24846
16827
15513
10098
10013
15327
35698
39292
16637
10790
37040
17414
11320
37620
24437
18484
19043
31845
28952
24764
22231
31670
23783
29643
21949
34317
30171
13339
38577
31282
15350
15944
33880
10292
30641
26513
23661
38447
17983
21000
37386
23281
26740
14186
32980
22099
11170
15378
13767
22447
22605
34029
13025
16462
16912
10554
24526
31129
37187
18616
32200
39355
32900
13501
29115
17306
19774
38610
25862
11981
10092
32890
23147
22469
11545
28280
28015
22672
38543
36706
24521
28404
30073
23432
23372
13044
35871
11941
18143
36331
24280
18273
12502
31458
29683
27500
13163
19187
21067
33877
32209
31116
20261
30124
27822
30993
10926
30784
22444
21152
27880
38103
19948
16296
11900
16095
21595
37504
14468
21944
15179
35021
14681
33032
35225
27159
20270
21440
14228
30727
20023
26418
32193
28759
27598
26256
37173
12150
33700
21066
25432
12826
35669
26157
19152
29779
17185
18450
25593
34072
34181
15403
29566
29402
38947
24600
35885
12591
28965
37746
17676
26170
36740
14935
11720
25663
15464
14194
15830
25044
22298
38066
21876
36076
12386
17879
25593
38647
18676
10901
18908
22540
16640
10975
21325
23542
14499
20605
38132
29932
20583
11047
22511
39957
29796
19278
24969
22476
25514
12648
37137
38272
32023
37411
25273
25959
31175
31329
35408
17677
34909
19292
15621
15809
33696
18843
11459
39525
22194
37760
35331
21272
24647
33606
12051
21591
29302
36021
10056
26034
14157
35921
28807
19083
36381
14229
31946
17998
11075
39745
14864
34821
10828
12369
26979
13257
17029
32101
10783
31265
25371
11004
27801
19970
34447
38561
35213
16088
17798
28165
20791
37649
11877
38169
21290
37033
34592
38725
34038
18118
28912
24515
29335
16875
36594
21139
35805
37646
19348
33655
12274
38669
13737
31761
33919
30586
23279
11339
27426
17801
12129
33857
28691
33935
28612
24386
38990
34517
16095
19963
12869
19926
23298
27852
39288
24045
31628
16807
25343
24323
31171
38168
22518
22594
21518
28982
12848
37457
11873
15285
16726
27439
34506
10768
25323
39019
13743
24480
22778
17409
19877
25356
28947
30971
33391
22323
19056
20365
23120
27284
21631
26862
19982
38916
12862
29707
36872
25488
15641
19043
12758
28256
17131
27389
12492
18794
24792
18055
24617
30039
37880
36468
35098
36788
37580
13358
30465
20696
27613
30504
18820
13704
25430
10782
33858
24089
34159
14230
37585
37353
17831
30086
32374
21278
18303
28530
38334
39115
29102
26972
32561
39024
25054
14207
26121
25201
22928
26359
35505
17189
38287
23885
15601
36544
10452
36395
31178
23794
25405
33673
21697
12703
25596
27763
12622
23449
25015
11907
36880
12780
11505
33395
30593
35541
11044
37498
36205
17746
35205
21077
32154
16285
33524
30939
32252
14694
27456
14072
17207
27005
37169
30447
27371
10802
19749
36882
22980
39145
17251
12215
37645
30935
39263
26886
27130
21123
15248
24683
35808
35284
28157
28727
29517
22396
17147
24244
23498
34877
10493
24996
21548
31720
24326
28827
30457
35676
20054
32190
11676
37260
28434
35884
11988
14635
39173
11799
20045
32595
18237
33765
35758
23628
39440
15817
15036
28881
32208
25790
19054
15579
28668
38641
14237
35719
30145
24291
30407
28302
21468
38178
15190
12241
28920
19395
23146
18845
16820
36043
20799
25011
19362
21250
14847
34826
11770
10240
34265
35120
34604
26420
26514
15417
39402
13423
26720
38201
38622
28010
11664
20714
23629
24702
21553
21230
22370
13839
19777
21130
13378
12110
30366
14161
35670
10836
23808
39354
28029
39049
26656
37275
12053
27070
26284
16674
27803
19259
13136
17168
12090
34107
16184
22619
33613
18534
15885
21726
30754
31387
35288
35052
29137
23895
35024
15181
32153
27509
18446
18787
18970
28647
35789
26351
38343
27089
19305
13413
27079
30023
33882
11312
34222
34587
25615
14845
23269
34866
17097
20481
14397
37788
30117
13205
24198
18298
38986
31140
15393
32356
10710
14330
31918
30490
36008
30077
23532
37017
36047
25681
27540
17006
22091
14124
16542
32721
12202
18008
26069
34692
24696
11477
13918
31909
31030
10059
13820
25179
18467
18766
15067
34989
15074
33263
28112
36862
20689
13525
25028
26625
28761
23432
23354
12273
14042
17700
13571
15335
34849
38815
20730
15745
10208
33271
14336
29967
12328
21073
26367
12230
34898
18024
20238
24597
27265
22338
21616
39749
21051
27810
26237
18465
28276
39352
29784
19786
24210
33858
37039
14063
17198
13447
16085
27232
19260
25894
12899
22539
36214
22217
35362
15865
10829
23644
10227
19927
34907
15722
32838
21123
34171
29218
16751
35119
24099
15806
26621
38056
17019
32907
30271
36948
24917
12826
23956
11330
39631
35939
28884
27452
32176
32181
39646
39598
20478
27128
23200
16899
25598
12611
35047
23487
25318
37254
20844
36917
11451
24720
36294
33240
37599
24572
14824
36349
21043
24884
23426
30066
10608
10526
10102
13440
33526
32582
35882
24655
16806
15032
33216
32886
30980
15121
21144
15781
13330
19280
26774
32780
25660
37667
31267
11433
37255
39262
35417
37890
34874
16016
33154
21344
15518
37168
25837
26801
16066
16979
13373
11948
14331
19881
37940
32552
23195
36869
35156
33038
22507
28130
29376
15317
15374
32813
19949
33432
38682
30190
31340
36523
24561
30634
26869
31040
27964
20481
33371
25166
16326
17925
27847
32815
36141
25755
11674
30930
28037
20730
27677
11140
17602
37783
32283
39541
14089
15446
23431
13792
39966
15179
29717
10528
36247
30549
28153
10844
27105
10579
32115
23472
10565
30915
31024
10208
24012
22032
31944
21475
35898
30233
16557
33713
21615
29344
29075
38133
20193
11060
11657
19912
24504
35343
39727
32457
29159
33899
35930
24992
31455
24607
39980
21496
39881
20097
23646
39417
11620
21024
36892
28141
32282
10093
29612
23089
18155
20805
11973
28581
27984
16748
24884
15514
21429
21428
24522
23027
27928
27443
11367
17893
12122
23883
29981
16333
29263
15187
23556
23410
32467
27280
10564
12941
26161
20192
33479
11359
33685
25842
19147
23897
30010
21138
14828
19515
33957
38944
19709
16036
20995
28354
15967
28865
12621
36593
14697
28346
14211
17990
36148
34529
22272
17105
21985
14388
27451
12361
18123
13161
21565
25846
24466
36119
31377
14744
19136
31507
19591
11910
28057
30347
35037
26038
34424
31675
30643
32318
38164
26473
23360
31373
20180
15621
28582
32370
31337
22038
32505
35309
11964
17693
21597
24880
11358
21088
21470
25023
16757
13531
31244
14205
28229
32287
27661
13263
15724
12444
33074
29438
37901
39871
12680
14364
20610
20954
14522
35126
28016
21625
39798
33624
33960
39548
18821
27106
37452
38022
27030
38568
36349
20640
32591
11047
18268
30703
17923
14558
24089
37770
22454
11028
27782
38919
34685
29577
22200
31260
17225
35544
39655
17869
28722
35161
15765
36217
13688
10992
19441
20536
35219
26079
10356
14986
19040
31106
15755
31302
37883
13164
20244
29740
32514
32205
28914
17976
21429
28935
32273
15954
34850
10572
17435
17443
31289
11871
17733
19884
13040
23867
32592
13378
23702
27642
38474
26637
13000
19463
32110
19100
28890
29135
25044
33871
26163
17902
15998
14078
20090
33876
24238
20290
39433
37482
29555
30287
11504
30288
33830
27763
11770
30187
35832
22147
23754
32458
15046
14498
31655
38788
32941
29092
27596
30328
26908
37383
20548
21765
36960
30629
34827
30372
10349
35454
28460
14246
26145
27626
26431
14024
30523
28138
34339
30690
20170
19391
28295
13734
18904
39702
31760
35035
17865
31891
12298
28854
25286
35302
14392
15439
30844
15840
12414
38838
31449
28245
22753
18678
24603
23789
20940
21317
27958
20616
14912
10317
11511
13223
23014
39659
28759
28003
12163
25240
24333
26642
35750
19615
26563
27384
32254
35659
19588
13291
19365
38829
28945
11066
26618
11863
39940
18270
22186
36219
36813
28217
38276
26190
37044
19884
31494
37130
36453
39587
14023
12781
30970
20326
38884
32482
33191
23268
20681
17349
20250
39721
33407
17614
21594
17177
37389
25034
31394
16777
11423
16994
12154
12705
37801
19850
14965
26870
11259
37397
24165
16826
17829
24594
30774
17533
27070
29493
37130
32929
13912
16368
26193
11085
22640
17270
26848
39421
36304
11462
15177
37022
32951
36425
29731
29445
21313
34556
31455
39507
11985
29555
19622
39519
10105
13113
24725
36345
17284
30638
33423
15739
11971
15565
37783
26207
18264
11358
36481
21735
13708
33845
35979
14134
35321
15851
18716
13945
35706
37908
15220
20014
35637
21890
35250
30000
25230
39190
30045
29582
16759
13268
27094
23586
22589
29946
13165
34204
34098
36216
28035
23002
16080
20140
23197
19388
37841
38646
23090
17213
16076
17023
22955
18244
30647
15815
15387
36636
37672
21384
28828
18566
13619
36942
37726
39254
24351
17731
34773
33477
11412
28147
38946
16526
34287
38307
33631
35566
31264
18048
38561
13998
21611
23686
21609
19572
24667
33623
23554
26846
14116
39930
17991
24947
37549
29610
14446
11776
37718
14799
10396
29646
36413
34824
23983
24358
31795
24517
25081
24570
33598
38031
24085
16771
29572
11473
33557
38802
37505
13042
23400
16600
12298
29627
20552
22414
34723
12432
27356
16279
18122
11887
31575
33924
33017
39000
18294
38452
36924
19110
39528
20524
11258
12483
25858
12568
36202
36210
31139
32973
35113
19673
17537
37150
34308
29544
19231
39874
30500
39659
24654
15529
14931
39244
23099
22216
38388
10682
36938
18630
18296
31554
22880
22223
13667
21024
17105
22006
30170
14093
33402
16356
18668
18737
38741
34196
11624
19841
10530
28550
18501
14640
22056
13241
13966
31243
22807
39168
12027
19306
24147
20335
17434
10464
33240
10349
14749
18128
37453
30355
37493
28725
10369
35782
20273
39493
32350
33251
14951
28159
38424
36249
14923
23753
25184
10699
37295
26093
24772
26775
38846
32270
39838
30777
39841
39881
17959
15340
20048
20807
22381
13600
20874
30866
10244
18939
17878
33419
16283
20476
35795
26611
35702
28210
34216
10057
22820
14929
36640
15500
15002
33031
36195
24554
11409
10548
20931
10885
24817
17534
22290
16726
26733
32622
19376
29941
37092
36496
21985
33849
39978
34203
19368
20135
33167
11168
26886
18641
26861
31875
22903
18619
13727
15513
32394
29008
14080
27028
15804
34843
16708
39896
30453
10402
32978
11471
26611
29824
18217
29073
23533
23219
26379
34463
33374
24705
16966
28376
26576
11470
15270
11115
30098
29298
36522
34418
18887
26286
30140
12614
27545
33545
29357
37703
26926
10937
16055
34420
17419
17056
23888
22692
14422
15130
38868
27464
20096
14551
17149
27486
20307
36399
12239
16302
35012
25211
14272
20108
26980
10934
32716
16932
24843
35784
10978
11823
34244
25202
23322
16874
36182
38738
11947
39618
17014
16019
23999
17437
20305
32298
14305
16840
38612
21688
28750
30627
13547
37411
26542
12402
12410
16908
37228
28079
29700
12625
15242
12270
16939
12396
10943
17703
29312
23026
29687
34667
17628
24359
27657
12186
14044
14770
25417
33507
37551
11602
33633
29575
36227
13610
28588
29018
28268
20184
29469
10462
39339
25345
27789
18710
27743
34960
16866
28370
14503
13265
17619
26644
34219
22186
26547
39173
34724
20108
30970
17402
18209
35917
13633
10006
33548
28793
26820
21577
25566
20114
12806
34050
16265
28413
18366
28739
32029
12654
29490
21495
39923
33583
39622
11356
23918
20243
31919
14308
35977
28970
30748
13339
29523
37585
37142
21899
38253
19328
11868
31685
34187
34357
29869
22775
27708
21336
32547
14160
35240
33876
21717
21921
12954
32639
32063
14652
32457
39318
13128
24433
32718
15039
38253
14764
21799
36814
22044
11772
11820
26406
10201
10174
34319
26635
25303
13675
18433
24976
34282
16078
23502
11997
24790
35784
32755
33731
21918
16103
35668
25230
29051
15399
12068
33130
14024
36840
10312
35607
30392
36455
27105
24190
28918
25747
28959
23793
38288
19077
12384
28117
31498
17650
30796
39563
33332
35031
14377
33767
38761
26771
23470
26860
19852
18589
25164
20164
31774
37432
17893
14209
31875
32149
19728
29870
13606
15593
38205
35909
12546
31917
32704
22350
16630
39163
38467
37390
39922
23603
13196
35722
24539
13191
11566
17481
23188
32655
27074
35779
12885
36932
29892
24496
24174
19662
34857
32695
22518
38810
11837
26649
36705
15587
18324
24712
12728
21057
23844
10615
23290
33137
20487
37014
16783
26473
34767
11870
28294
32293
20994
26060
22829
13524
19392
36969
17375
24826
38848
21410
10081
23460
37547
29155
18957
28676
26485
23719
39086
36616
27865
17475
21159
16421
35513
21317
12880
10351
34090
21632
29248
14798
38907
20099
28896
16515
15719
24235
28845
35624
15891
12817
14638
18167
32009
19645
33987
11045
18414
34424
19165
23741
37224
15109
15063
23586
28442
28659
36068
29065
10310
27996
20894
38837
26610
10272
19653
12129
21036
32141
14819
31047
15002
21806
23782
27460
17230
29157
23731
33170
34766
25114
15253
36468
32898
25066
15839
19697
17268
37340
30349
27311
29712
27309
26486
25096
36682
31716
31466
24626
20140
10083
12522
18520
36613
14408
24934
17305
20211
28896
11934
10431
26369
12375
39366
36827
32672
28497
37434
15913
25798
21152
12983
27329
10104
24447
23679
17091
34646
15274
11435
16346
14094
33831
28791
22656
19074
14782
30579
35305
26280
33712
14573
31859
16015
10711
20251
38463
31323
28780
16743
22720
29678
20787
35699
11783
14029
24523
22102
33743
33282
12368
10091
23671
24297
34185
28769
36309
17338
25075
39461
38554
11664
26445
25354
33651
11087
15943
26948
19150
35104
37013
22702
36322
13787
22315
13939
19443
25387
30645
35660
30331
10958
26719
37342
15358
29715
10613
28866
35842
30057
13808
22792
37603
23654
26493
34711
38711
24955
16138
11750
10757
34311
27090
28743
18474
19796
33107
30021
16573
10430
38107
12007
34329
15247
27160
37881
26465
38773
30190
21381
37001
10398
32641
30760
13904
20535
24341
18003
34260
32799
38446
21357
10111
36182
16268
37778
27382
17955
27269
16604
30254
37473
19681
39008
11932
10392
30764
34384
33864
31971
32860
21049
39456
11154
16356
35646
23513
19629
15701
33503
16687
21222
17013
32971
37563
32965
23190
31868
25337
23909
30681
30146
38479
25615
26956
10979
29390
34919
37884
18008
33835
17484
39796
34082
24744
38286
30590
38925
34681
26541
23529
34740
15833
36839
14006
32391
10316
39344
33897
24649
36067
34331
12442
34759
13421
28795
21896
24318
39289
24456
10171
39678
36674
18009
27163
11953
25435
37849
32683
24434
36497
27074
13117
33846
35948
35949
12787
17703
15371
35375
27239
39858
30454
29967
23665
19104
21941
39337
12213
36351
12756
35996
37926
11152
11247
20082
18601
29427
33547
32144
22997
35144
28647
36777
37719
39434
34418
20966
18898
25274
29946
17622
11028
31860
20677
28315
32712
13040
22128
15532
36832
17707
17211
22273
35334
28498
30703
29197
39467
21944
12255
36397
22966
38771
38063
34952
13379
34603
19120
27864
23408
37254
12754
15613
21791
25156
35032
23984
21331
24919
27751
16654
24241
22532
27351
37938
27446
37022
22631
21105
21201
34724
24610
22637
14783
30555
11192
13470
31603
33851
17971
24697
17109
29457
33060
14431
32499
39708
10651
29262
28477
31787
15089
20670
13059
25987
17318
16195
18895
17031
37623
27227
11904
28623
15225
24659
12163
21027
22684
27777
23863
17885
10588
22712
13559
23089
33418
25854
30830
34105
35549
38336
11233
20965
30619
37878
18217
34444
34856
15377
12857
28582
21179
25953
11790
27639
15682
12911
13717
18315
18729
34772
22277
19281
13297
37315
19717
10291
37375
31726
21962
30484
28697
17299
12350
34785
12527
33919
20091
28416
15674
36434
36544
21223
29620
30340
13120
37185
26549
11850
14154
20378
37935
30201
36562
31928
39007
17369
36756
16571
18756
30905
11015
24886
26910
14381
23498
38491
19445
30201
13120
19386
17145
23171
25402
18952
27353
28458
20335
31488
13087
13505
36959
11933
16636
22160
36746
18139
11941
22360
30883
36160
30573
19646
23069
12244
29640
18939
38736
15275
22331
24140
33053
10005
13040
17109
20745
11505
24549
39159
33318
18115
19134
27713
28444
21529
25978
31143
30963
11520
23471
28973
13025
22112
27953
14547
22946
38766
15416
24840
34563
21148
25725
33362
15156
24652
18200
39003
36248
18826
32866
23862
29703
19585
28502
16385
25785
12704
12079
27831
19412
36414
38037
26655
32883
10870
25861
23617
38512
15751
32879
38245
29402
12304
28064
10696
16550
32507
33673
11346
18538
39456
31301
31981
13598
20379
38611
16453
34945
20640
27919
10084
11296
11518
12004
32430
15544
32641
33305
15522
20895
36528
26882
20999
25441
32423
25029
31724
10904
32461
12556
19203
22185
13859
29088
32168
21578
28066
15209
22719
20027
28160
23501
33767
19809
12803
36412
19931
20053
22691
24949
38554
26546
13896
20952
26247
22190
19161
26603
28484
23523
30480
20929
22835
21844
21576
30393
30341
29466
37603
25296
35518
29029
26900
24028
34159
35105
10632
26837
21171
35767
32984
23187
21588
16299
18458
39234
34070
35898
19667
32809
32460
34088
23795
17063
16280
15598
31508
18589
35471
28997
23196
27060
14361
20744
17879
34373
34798
38491
23548
25696
11113
36301
10347
33341
32342
37175
39340
39807
11384
33261
35663
19582
10659
10003
18640
30660
29162
34810
11291
32657
10377
17515
29709
12677
22232
21963
15929
16568
36339
13354
20093
23534
33741
26081
38825
33030
35277
30172
38214
31595
10139
34721
18299
23720
32172
12725
26962
24141
32716
13327
13512
30094
12416
15068
26390
20997
39280
29009
17685
18030
12857
23581
17056
20155
28968
10208
16838
33183
25771
34060
20195
13239
38752
32266
31900
21442
36959
37586
31777
29065
12360
36428
33977
39045
38190
21047
39277
32944
11818
32117
22228
23862
23412
15992
20917
28508
21289
19962
32082
34430
10820
17816
11604
20957
18259
17785
36370
14178
38910
38890
12181
21332
34957
17777
25721
38293
37809
36197
22009
28783
13517
34238
24146
25767
10744
35519
17250
31111
19454
17308
37945
26155
36200
17678
30497
28940
19786
35179
34241
32599
20480
10361
11700
29324
13739
32840
36056
34202
19476
17509
11474
24230
16061
29358
23048
31847
15845
16322
33111
36592
16744
11913
30620
20040
29729
36670
25455
37322
19321
18676
25903
18107
33911
11483
39762
18936
32980
11937
17396
37226
21544
17424
37132
28808
13006
10023
10656
27187
15919
31104
15061
34606
32343
32452
16640
16931
12915
36013
27323
29187
20269
21470
34127
18286
17033
19438
37365
21693
17466
19737
17303
25654
38721
12425
15625
27678
36065
24033
15054
30378
38110
28726
37380
32952
14754
15731
17905
32115
15413
33601
39317
20283
34562
31614
13652
20147
28114
19880
10961
10606
35320
30780
28799
36039
30930
22538
34430
33095
38290
29339
10654
38211
38846
28979
39182
32037
25104
24037
23967
26877
12317
20613
16267
30840
33472
15898
12082
29068
34571
21928
26195
18048
36308
15259
25479
26403
13380
13255
14095
35678
33048
25088
35296
33448
36264
22883
12230
25872
23307
28453
17797
12113
35180
26975
24577
32927
39477
33316
37162
25089
34113
31652
23852
39599
35587
34217
12308
33372
25531
21175
25400
16732
29802
23794
28859
15481
30567
12742
17982
32710
25196
36490
15783
20482
17015
36924
22956
27578
18363
27395
39118
31830
21736
24425
28123
30018
11730
30655
17405
35357
16002
17984
26238
19507
21053
27676
11300
24555
36633
19093
35797
27818
29848
35661
21681
33696
15603
33653
33089
32039
16159
23008
19587
18013
37317
37870
11658
15645
14985
18004
22637
39639
34998
27571
21369
15088
17983
11030
16697
28062
19088
19484
18951
11900
33562
16962
23574
21348
27283
20443
14040
21203
31236
26902
23667
36185
24163
30496
32869
24727
13811
32514
29369
29302
25874
25110
36101
33290
10879
21269
29465
11252
11219
25654
31064
30242
27759
17950
31221
18449
28317
37782
39827
30726
18517
15707
11408
37687
39899
35935
30603
39441
36518
20263
15356
12149
32039
37216
10709
16749
38554
33329
35095
11490
23008
31300
22816
27525
19449
22687
30924
37827
39855
18591
37209
22001
12275
23696
31838
14330
26028
14461
22487
23322
11177
20117
37218
17898
17568
16967
18032
35863
28362
24284
15438
32162
23283
17001
13433
34357
33638
15667
10676
23291
35115
17713
17347
21354
30117
23588
31576
30136
24985
26128
19421
18894
39954
18606
35813
10265
29408
28202
18493
16524
19281
12072
14084
35409
17258
22923
33040
30574
30136
13547
27743
35829
19448
34830
25597
30946
13275
16839
15512
17716
25819
25266
25103
25623
39181
36152
12557
38375
18713
39556
18693
36509
20133
27395
26744
14541
18483
20766
27311
22383
16725
32364
20892
37938
15512
34818
16094
10055
27103
26537
36103
19501
20624
34400
11991
19763
17694
36077
10489
22774
24287
37085
24123
24228
24291
17090
18930
25826
10169
12036
18696
23393
12651
30956
26138
37593
17854
17300
25060
36418
37553
31808
12459
33279
35153
38470
31718
10034
38506
33105
24542
11774
14649
28141
20662
38575
35261
30793
32359
23159
34127
13696
12761
31820
32360
22821
31159
19364
14158
19228
38719
23896
20159
33148
37358
25161
10836
19541
35630
11505
28458
21934
38259
26601
19435
24187
23856
21320
29336
10581
30865
31133
19503
34451
17037
35881
31034
14021
36951
12936
35900
33830
30974
19853
12925
33692
26916
29198
10210
12830
18974
32460
11029
20776
20806
25709
19736
32274
26014
12504
27950
27916
34653
34413
31107
38044
35079
29468
26976
31616
38701
10874
38142
30274
35809
30753
28966
25452
38000
20488
11891
10995
17766
10183
32175
37283
36437
15045
12631
16805
32105
25340
11929
23258
32952
16329
38434
25407
32507
34018
33346
20265
32827
25808
27706
26470
15378
10931
35448
27229
36826
21925
34233
10031
18442
19572
22724
29019
34242
31351
31030
34320
25124
34285
12487
24741
14462
28734
36633
36199
22917
16073
37016
33557
12554
14360
22118
21218
14468
28204
25507
32706
21254
24098
14024
25228
26911
36678
25941
12636
19666
27995
18780
25521
18712
21504
24633
15594
25703
18622
17543
37275
22299
37786
31181
21585
21860
37140
19395
24169
18927
36838
23893
19201
13379
24914
27179
12594
34953
28431
31941
37397
12968
10962
26903
21157
15015
32259
32275
27982
17377
34254
36723
10359
20780
38124
36534
13224
33791
35459
26888
37083
38153
23367
17196
35584
33687
21728
28961
33178
22063
13630
33815
34456
21853
22288
14465
13139
13854
15625
38425
15644
31484
23653
35802
37659
32078
19592
19375
39009
18964
24016
23442
35308
31769
23476
26860
11341
21462
32145
10372
13784
38223
39240
25189
11193
12996
37824
15540
28024
35068
22791
32223
22528
10189
29178
19800
26908
22150
17936
32439
31545
19440
12556
26093
19963
27413
26711
27085
21586
20855
30753
30300
30578
37047
37440
13004
39713
16031
32036
17479
24343
28946
20017
35241
31268
38039
38778
15221
10251
29273
30628
30746
28236
39084
34435
11931
23624
15733
21091
15634
28233
19272
27056
27289
17160
20676
30891
21911
14878
12349
31157
33917
35197
16185
28284
30555
37537
27082
17488
32700
27218
20506
24373
11420
24226
36393
18686
21055
32546
28786
13884
23708
22543
19446
12816
19468
27911
27924
27986
19039
13460
22241
12139
28615
30003
24050
32559
14064
15518
27291
21477
27872
38310
18739
36994
14975
18748
23036
22905
24292
30702
10475
11430
29760
23878
34311
36091
21583
35941
14753
25303
38956
