17926
36847
34304
26014
38383
38149
29328
11612
30578
13350
22308
14397
32382
32748
37797
17778
37574
11573
25763
15025
39674
26560
15635
12044
27482
21766
12812
26436
15392
38639
33088
33086
22211
27992
28222
24629
29537
34000
17929
10446
31416
35509
24219
15013
21065
22101
21382
32288
19121
21059
25913
29897
26926
32109
34880
12324
33505
32066
12984
30165
29210
15508
22498
38658
19630
35360
14283
37007
31041
10338
15094
14632
14620
13283
12723
10654
31148
26344
13406
16403
31132
31491
20586
12013
26994
17741
25293
34879
39806
26603
19938
15585
30295
22133
22098
31265
39078
17238
14085
32459
39780
39190
39585
23053
28588
35923
16305
16715
28635
19615
21146
32432
28802
10499
33064
12222
10024
10803
25587
25082
24635
39626
24537
29535
35055
16327
28696
14057
14818
37828
39663
12622
24761
29030
26462
35735
25264
10164
10913
13454
15951
29916
39794
13829
17800
23440
31904
16218
31282
12295
25258
39451
20088
29259
28501
15891
38438
33587
32375
10155
31909
10350
37352
25480
26017
25701
16168
25217
21744
36751
24348
17968
30920
34511
26547
34878
10450
36478
15808
11849
29523
18170
26153
39898
38944
22443
15713
37136
30456
21087
39685
13724
39886
36537
13102
11111
21937
34795
23568
11526
21920
19812
22503
37944
15195
26666
31711
31216
32818
27841
26276
21999
17602
18223
26514
24585
17403
35146
11652
13688
14131
32229
18251
20644
16166
29153
16247
27484
31636
22380
12385
15513
29666
38285
32525
25211
27421
16191
23230
32383
23045
11783
24826
25054
29681
12469
34670
38809
26170
30893
28849
29347
20936
23721
34833
34973
27243
28718
31803
11938
11476
26723
16720
29114
10618
37314
30598
38321
25981
18117
25338
26658
10233
12275
36769
21856
27995
22203
17193
20030
37154
22300
29606
32139
38137
34028
35362
14901
14154
31809
21960
17141
13870
37018
24735
31656
16957
24894
17794
17381
37011
17450
27069
12182
21936
14991
15577
11805
34051
39638
19849
29241
19168
33857
32579
16386
24397
29812
15507
11871
39270
21766
37818
19570
21541
24448
19435
17760
35966
39267
21300
21755
11786
37773
18685
19167
18089
35171
15680
21543
10529
39442
35704
32752
30205
18292
13516
18811
26238
29718
22006
11103
23593
20233
38350
12566
22956
33552
24628
24517
24892
14229
24019
21061
30449
37877
27531
18263
11518
25177
14048
24967
36625
10029
38219
21177
13991
13189
28361
20496
36119
30498
10139
31527
19769
10874
22563
32981
22551
11071
23096
20855
31077
32748
27044
29307
22193
33583
37407
13953
23564
22986
32263
12359
37780
30902
15373
13308
35850
12442
10595
37263
18969
23180
16652
11029
36900
30765
38246
28563
11777
39269
36959
16129
19985
32300
24504
18894
32459
35503
31650
17559
38051
19156
31461
23226
37638
26782
25746
27489
32120
12957
24847
11312
35153
13254
12391
19681
19555
16293
35101
11343
30024
14888
20282
17472
23089
10671
19437
38605
36556
23261
28303
23719
29443
39667
11752
26670
17284
18971
36216
10171
15874
17558
29772
24284
30423
26256
11979
14413
38792
26954
20826
11557
25242
29264
19440
22813
13558
18158
27151
39395
30777
33056
30223
19811
17386
37391
23190
30706
22264
35384
35035
29800
31769
11717
14500
32601
25034
29141
19124
29345
13646
11104
29416
39610
11519
26664
21411
36566
17737
30764
19181
38546
10037
17239
24056
27877
18708
10065
29820
36270
35053
21951
20474
38579
30352
37986
28851
17070
19445
39872
13280
11543
38004
32526
33401
21278
36760
38432
35698
32537
22175
19116
27421
23081
13326
11171
29720
24764
32119
20249
24409
35161
37078
16626
10892
16302
28859
10456
25507
15169
11193
18293
33246
24143
30472
39762
12835
36073
12158
31097
24196
21512
24386
38504
36628
20541
13266
24087
23235
26293
31011
29176
35800
15275
21818
20269
35721
14417
31579
24686
16434
22763
31436
28948
38655
34444
30115
14316
35164
12504
33535
37389
24130
37539
11949
38135
18501
29832
29903
21670
10416
22678
31482
35471
14837
19106
36796
22198
36674
27027
34597
13974
21370
37249
21056
16301
15327
16362
17470
14563
38004
24059
39099
32112
36397
24199
37639
38990
21485
27594
17464
31437
15548
18597
26379
36258
36343
16612
39976
20086
12068
26491
31941
30047
37002
23568
26281
26283
11640
27500
32187
16772
25597
31126
20410
27602
34409
12345
30482
36027
28233
12345
29695
38340
29887
10003
38890
12915
17089
23032
13895
23198
31405
34609
36089
19738
30885
21066
23924
37672
34802
11061
23471
28807
27706
35819
37988
26754
16196
33001
28172
10483
18484
38476
17217
33436
37163
16356
18907
15932
21190
32156
28854
32308
14165
24972
11290
24691
33744
12908
25819
19833
22805
11830
19722
21031
24743
32607
23577
30538
23658
20018
26846
35788
26657
12262
28304
32771
30023
39690
12885
27855
10173
36129
32496
31254
11842
36211
25447
26666
28996
33959
39855
39544
29064
10605
31328
28668
37184
23781
14202
23358
10022
38160
32912
16028
17773
18154
30138
29766
22755
22469
36820
36350
29374
27690
30115
25242
28952
31146
22418
10279
22691
23202
26779
34253
23446
16807
37626
35952
23264
15207
21789
24245
22398
10813
33039
32937
27829
16947
17086
17239
22363
17878
14979
22569
35955
35651
19693
13283
16884
15096
38002
23598
12926
14174
35687
32344
12898
39526
24137
20327
39155
14607
22254
21073
12790
25684
18046
18404
29126
31561
39247
31165
18819
34132
19961
21584
20521
22043
12887
31962
32138
13486
11743
25982
25859
28000
23151
19201
11793
24207
38417
16799
26135
23895
35564
25078
31074
26907
17847
22275
37982
31782
34770
17517
28021
14280
18716
28087
26837
37749
15319
37521
29488
26371
10089
14445
33272
22474
22620
12207
39437
11701
37613
16312
35889
21386
18525
35638
35900
20667
24188
19167
12888
36415
20699
34555
12993
12100
19593
34536
10474
34199
28220
18765
34790
25513
13138
26784
30746
13572
38000
27199
26551
19420
32270
22203
11581
34928
31328
14682
10837
27359
35918
15586
17173
13774
39225
33268
24334
34623
11715
30956
32171
27710
28681
19407
28582
36856
31891
31891
12243
10472
30517
15155
25208
34133
17197
15808
20720
35955
20729
28850
18750
17795
25893
27830
23902
19000
19902
33345
38672
34331
34682
19081
39785
16497
31106
28908
24254
24096
22323
37004
27501
18690
24347
24387
22050
37338
31750
29569
21304
31525
23651
35638
31133
16954
12700
11040
32195
17234
26100
33324
22801
36709
14988
33059
33637
15239
29677
20313
30639
13723
22183
19366
18824
18776
27565
25879
20377
18077
28427
30962
12810
26379
26797
11663
16555
16678
32262
39167
30067
35808
10709
21046
38606
10044
15321
30161
32176
21020
39834
27510
28589
33411
16054
22451
14597
35196
15169
31444
33143
38834
12135
27506
17042
18603
24583
13224
29892
28255
18772
37224
20322
24844
29284
28937
27116
17486
14049
10503
38088
34506
38574
12670
13741
25924
26154
22120
27466
32767
38015
28200
30784
31224
17310
18252
18524
32886
39693
24316
18387
35736
26432
36520
37254
15797
14565
10308
37014
37092
33781
36508
33852
18670
19994
16459
29131
20764
11484
24089
19070
24419
24143
37254
20746
20589
11210
12003
36651
19699
17391
37856
21145
24547
38382
19521
23016
14656
15715
30994
38401
23489
35944
35843
32737
13550
37236
15113
21233
25088
17445
27657
22462
15728
33993
19251
39409
24359
19507
22018
13295
30073
27768
10370
12974
35351
28895
21318
24062
16711
31848
14252
10882
20407
12978
20725
23654
28186
16827
28357
29384
20280
29106
33319
38834
34492
10420
38498
15116
24491
22908
39906
29791
37238
39835
38189
36553
14952
12288
12833
37977
13407
31126
16724
38428
24364
15319
13244
16885
18902
29519
39245
39274
24366
37090
35369
29572
27813
10837
21981
34257
24308
18272
32785
29013
29605
15495
23480
21883
34803
39485
30287
29850
15283
11606
12355
35474
19156
22047
36837
28751
22869
26275
11624
24841
10857
39974
18413
22801
17594
11317
22515
20239
18269
20114
23308
22834
34539
36005
38410
20213
25691
26224
11367
10312
18968
31091
31960
35340
11439
37273
24122
22398
32032
26540
15296
19239
11477
27455
39161
32759
17171
25125
39131
22112
33956
39015
17851
24662
11307
37683
34738
34287
22597
16430
32855
31204
14017
25337
23746
10312
27486
11483
26088
36600
12414
26276
16355
25631
13674
19169
38839
16170
12715
28570
21170
25925
36087
37179
21493
20216
21907
16052
11907
37016
39213
37729
37096
12264
29833
26789
22500
39279
32687
26098
22558
32062
26847
10331
20988
29277
11710
39352
37517
38210
11036
13414
10308
38247
20161
24621
13859
37790
19479
21490
28303
29728
11114
25360
35195
34029
34891
29855
37450
29838
18639
30465
35677
39430
34673
10596
16830
30880
17827
21852
17241
23900
21181
23783
25375
18590
16410
14981
27168
39441
17055
15939
36967
36855
18237
33033
38382
33536
12913
20222
32205
17846
32947
15444
32415
17136
24947
22541
20805
38835
25211
39601
28616
20792
17898
17774
36835
35685
30461
21945
30751
25721
17190
22441
22762
12845
36153
27228
36394
14448
13490
14995
12503
33121
24530
22918
18194
35046
29290
30946
29338
35785
24910
12189
15752
12613
14721
20126
34142
20345
22543
10873
39629
33067
38420
37667
25708
36182
23738
20931
27747
10247
14648
10851
39718
18691
35109
16446
39732
39459
34763
16731
21092
37437
39747
26219
19055
26342
37606
36005
39245
32756
14768
26935
11759
37726
27280
17427
16897
36120
10849
31161
34351
20038
35718
25980
19234
14779
14412
36202
28185
38016
35407
16767
39808
29286
32840
37365
34455
19191
38662
13119
11826
29197
15930
20891
35433
20050
32951
37653
27986
12128
30395
39900
30239
29202
14967
34894
11558
10431
30376
38559
36492
37987
13103
29093
20839
32667
24957
34479
10189
12287
35747
14428
31561
23621
10197
11545
14110
31631
20478
27685
15386
24170
20588
11533
10693
34627
38095
11997
25673
33762
33650
30941
32531
33936
16950
23878
11548
24838
14164
39525
27293
11505
33405
13669
18331
26758
28202
29364
23176
36322
16613
28069
16665
28035
14978
20772
17199
33692
22057
22787
31313
31350
27886
37076
31363
31001
37654
28280
39164
18445
35165
22650
24538
17660
19566
32605
23340
15274
36221
26481
16523
20805
31812
26203
30019
26304
12011
23986
19568
38972
37202
28011
36525
37442
36973
34405
25251
17305
35531
30096
25418
28544
28290
35619
15362
36258
20396
38148
14105
15689
34915
11056
31867
24794
35441
13054
37695
35998
14648
32272
38933
22380
12017
33857
23008
26343
27059
37151
36436
26588
10818
20154
30146
39075
24866
15409
35681
36017
13375
21890
27609
19387
10577
33967
18410
11678
19826
12169
34082
32711
16542
21721
28405
39337
32141
18572
16507
12145
21158
36256
16914
36058
24234
29355
35622
25834
20140
16983
35113
37132
37921
13932
20278
10942
35530
11880
17488
12421
32531
37564
28751
32857
22543
14049
21915
24375
22548
25072
37898
10636
25833
13182
17706
23407
25756
32102
19827
29757
23714
36058
21670
36513
25126
30882
30955
25718
25891
38104
34175
14577
39571
25849
32433
28672
18638
25730
25181
12096
26968
32443
29998
35971
13434
10587
12955
15091
30019
34619
39570
38256
18028
38033
11780
28306
37140
27338
34061
14003
14340
34038
24197
19878
26909
38839
27938
20460
16083
12643
37336
33275
37041
25004
20838
28776
29089
25530
17767
29343
15524
13071
18606
11116
29812
37742
32959
24024
36910
22979
27644
20468
28788
19613
16071
31742
19527
30992
37097
31985
18154
17527
28686
34604
12222
32274
18174
20581
16371
33715
25052
29852
25999
32497
13939
36171
28183
29311
25718
28342
33689
19949
12316
30988
30311
25751
37315
39149
37159
14144
39688
36011
22905
30083
15177
22162
27713
33187
27905
28566
13740
18258
29247
10392
17378
34570
31657
34589
36375
16764
26673
33766
23765
39649
15141
13703
20041
22844
20882
28860
38234
11385
20810
37895
10951
23358
39555
30768
38670
10108
22528
24536
10584
37745
20071
12791
36170
33472
15541
13391
20441
23455
36939
18787
10021
24002
35526
19207
18880
10114
32086
10633
33423
15285
18088
32895
28963
22172
27317
23858
38532
12004
21555
32609
36290
38471
21042
22913
16536
24050
30173
30151
27226
35997
29662
13447
30009
20779
33163
37326
10344
29390
28433
16141
23125
37048
21845
14291
30913
22859
28733
17281
37586
17420
38697
34572
23372
38495
25661
13512
13305
29901
23694
22800
28608
24919
11605
27340
10643
10569
30217
39245
18136
18288
38972
26257
23281
23041
35176
29315
23313
12126
12027
24519
36063
39817
32907
16781
26448
33350
19962
39397
36892
11426
24208
21287
37523
37568
29918
26048
33121
19966
20795
25400
22183
23796
36978
37924
36937
23885
31577
25907
18221
38060
22208
12807
36401
19572
28819
17422
39366
16410
19715
24154
20819
32017
36616
17675
15223
20366
25719
34327
29046
26783
12414
14456
34634
34434
16189
31636
10904
28103
34456
20127
17796
22589
27541
21551
39919
20848
29346
25704
37657
13858
34718
20313
26204
34104
13910
22944
25067
17985
30779
22633
24416
22391
13948
10423
20277
39317
36339
30902
35829
26353
20930
17128
35399
13722
13337
19260
29274
19287
11738
14773
36489
37440
33841
29929
22094
23652
32250
34272
31957
17647
11051
21839
19630
27343
27937
35190
33971
11922
13103
39898
24142
39449
11479
24458
27471
26529
29761
25521
30504
10441
15079
38204
25796
15863
34489
21622
31805
25640
37428
14763
31272
38092
36782
39014
23244
28671
25666
30286
16649
24527
36627
18575
18722
27849
11937
19187
10927
35922
30424
28119
13739
10461
12945
20035
28241
19171
22750
32189
19913
21416
14795
23780
17083
11196
25953
22599
38354
31338
14523
10739
16188
37855
13109
20151
32592
32511
35005
31010
18289
16328
16158
12573
22049
35853
33281
15679
19891
24825
18145
14615
19328
34391
31568
38935
39616
18038
23912
28323
11421
28080
22346
17419
20449
18190
19394
10936
38805
39629
10424
18572
30882
26133
19890
23134
23485
29073
24539
28732
10854
34369
28280
29374
34297
21798
13211
24338
39138
11127
20421
31134
37880
28465
37718
28058
19077
17833
38443
13417
23411
34348
32394
39426
36567
31630
36267
31255
18926
21385
26991
31400
35648
25652
14838
28550
37180
24904
38607
34265
26600
25301
19087
28463
19890
36710
14534
25601
11737
21620
15806
31789
10587
20941
18506
36486
20412
25705
18618
21079
21217
22514
35752
17059
17496
13936
33340
32394
11203
37174
14649
19726
12736
13590
23862
38930
27763
36719
12560
39165
31714
20749
24723
15562
22429
39847
35139
32977
15754
14273
10707
20724
34644
19552
39712
26310
14014
35955
34722
29912
10858
22118
32352
36882
38460
33875
28102
31977
18816
35426
37389
14439
27768
29587
33697
21981
30911
31223
22638
18631
29619
26402
38155
26754
31098
18146
28479
15442
33821
38540
13377
34341
32039
38435
25481
28223
30946
25941
23724
29210
24498
18388
18426
15623
19945
22269
38648
34133
13464
26745
25853
32429
25202
25178
23004
36746
18973
39821
12725
25171
29819
34049
19509
37247
25313
17707
32151
30638
15282
21132
12559
24438
13268
27077
16246
17885
31572
25161
21223
39493
22572
39032
28695
35297
39271
23098
32406
20759
30016
24278
22031
15147
35378
39485
15723
36364
22994
29562
30823
27538
28641
26627
36802
23108
28509
11743
39857
13857
17666
10659
25256
33671
33827
18124
19664
32691
15182
21217
15677
25169
24213
17113
30621
12033
29442
26360
38895
25420
30336
34004
18526
11071
28295
12508
23549
22786
16884
32250
34231
30999
32641
24730
34366
30285
17487
34197
31807
10134
36866
24454
15570
33146
23846
18567
20952
18994
29114
37017
13818
29822
12076
14891
35728
33971
31798
23088
26443
14821
33435
36167
16172
35222
23531
31993
21133
33617
34784
12893
15282
18312
16062
24952
32615
19014
19071
39726
38370
28858
15147
18674
28961
23778
22880
31020
38239
13898
30550
36280
36677
26654
32458
10833
12476
14322
32884
36309
24018
29540
18010
24512
28485
25151
26914
34517
23669
36210
14592
10888
22682
10376
21675
39823
10800
24315
28515
28370
27770
25583
30488
17231
26661
25494
35760
18041
33282
24620
19133
25639
31495
28635
22673
11575
34575
30227
34453
38526
23029
24859
29044
10293
31544
39124
15686
19018
18863
17750
18764
24210
25529
13509
14038
11410
15539
32369
14596
11390
28621
12069
14984
23096
39310
34467
17283
25046
28203
25236
29798
30904
19899
37006
13811
29819
35221
30784
15750
37387
24037
35645
36301
35183
22469
12139
20987
29774
25255
12627
35396
10683
32144
20223
16248
24299
10164
16752
29330
14150
16746
11714
13828
11280
39370
29708
34532
34958
27302
24104
36419
15721
21612
18494
28477
16380
13376
21237
36197
39507
29719
32956
22935
15647
36045
20975
21708
31059
28352
23432
19176
24397
36334
37606
24744
24588
12203
22702
30408
39494
20697
16948
21310
10162
19723
25069
35261
33150
38431
37730
12220
28649
31685
29801
18762
25481
11264
31124
14593
28464
39071
28486
35366
39758
12082
28204
29204
36307
14124
36007
30597
35152
19946
13386
27506
22491
17584
38783
32166
25199
32112
17104
18638
38067
31878
18188
17420
19554
27510
35426
17874
14995
24055
28777
32873
22027
25026
39650
26544
22216
39497
35586
30494
17023
36910
38990
10980
39556
39087
22912
14190
38191
35681
18081
30337
17286
25376
33799
10932
29266
22352
21165
36487
18844
18088
32393
36468
32144
37801
12354
18450
23784
35922
15103
14826
22139
16850
33392
33304
10915
37818
16552
19726
19379
31499
36006
25217
26230
27862
12352
26625
21874
31354
19231
37319
23727
26044
36044
12209
29171
18080
24510
38096
19602
22479
34063
36654
21859
25081
37505
24486
27455
38824
33049
35331
16609
27883
30020
10850
30162
27759
16731
22726
36361
31802
13542
14204
10256
11651
21264
19480
12803
10512
13016
16853
34523
15181
19639
31321
39212
22851
35315
21485
38381
17135
26352
19415
16564
34665
29703
13625
13383
17498
11384
35760
34226
33507
27287
25640
12002
19816
35370
32505
28262
12888
29992
28240
21714
22634
39490
14176
34149
13309
30200
11846
38333
23956
32644
16641
21531
23023
18342
34510
24070
23854
16856
35310
30352
33217
22318
24065
17949
34996
18659
30696
16710
37319
35637
29912
33129
12305
20232
11700
16344
13297
38684
33315
27468
30503
11338
17541
19622
16514
23011
30691
24222
14528
19974
18538
15391
28296
24695
34621
28056
25790
26930
29594
23506
27033
10708
28683
14473
11307
34702
37494
18531
29260
11295
37384
27608
14218
15502
39311
12740
10097
38350
29222
28065
34879
23224
20481
30636
38057
22504
39904
18847
34677
13856
38215
31281
10104
13650
12848
21114
27955
21154
27798
37668
26212
28575
26320
23887
22248
16493
17319
25715
38706
25410
30668
24615
20610
31276
16746
28651
29630
22836
20211
18881
34101
32203
39880
25128
19543
17983
19248
17141
28735
26863
17743
10390
39750
12277
23471
11694
16126
21571
27036
21285
26294
14560
14684
25087
39236
38621
25708
21088
38703
21609
14630
29499
16456
26535
34743
11229
10628
18872
15390
17924
13574
15996
12240
10748
39938
13397
29375
32738
26939
20618
36097
38442
25000
17333
32166
