17926
36847
34304
26014
38383
38149
29328
11612
30578
13350
22308
14397
32382
32748
37797
17778
37574
11573
25763
15025
39674
26560
15635
12044
27482
21766
12812
26436
15392
38639
33088
33086
22211
27992
28222
24629
29537
34000
17929
10446
31416
35509
24219
15013
21065
22101
21382
32288
19121
21059
25913
29897
26926
32109
34880
12324
33505
32066
12984
30165
29210
15508
22498
38658
19630
35360
14283
37007
31041
10338
15094
14632
14620
13283
12723
10654
31148
26344
13406
16403
31132
31491
20586
12013
26994
17741
25293
34879
39806
26603
19938
15585
30295
22133
22098
31265
39078
17238
14085
32459
39780
39190
39585
23053
28588
35923
16305
16715
28635
19615
21146
32432
28802
10499
33064
12222
10024
10803
25587
25082
24635
39626
24537
29535
35055
16327
28696
14057
14818
37828
39663
12622
24761
29030
26462
35735
25264
10164
10913
13454
15951
29916
39794
13829
17800
23440
31904
16218
31282
12295
25258
39451
20088
29259
28501
15891
38438
33587
32375
10155
31909
10350
37352
25480
26017
25701
16168
25217
21744
36751
24348
17968
30920
34511
26547
34878
10450
36478
15808
11849
29523
18170
26153
39898
38944
22443
15713
37136
30456
21087
39685
13724
39886
36537
13102
11111
21937
34795
23568
11526
21920
19812
22503
37944
15195
26666
31711
31216
32818
27841
26276
21999
17602
18223
26514
24585
17403
35146
11652
13688
14131
32229
18251
20644
16166
29153
16247
27484
31636
22380
12385
15513
29666
38285
32525
25211
27421
16191
23230
32383
23045
11783
24826
25054
29681
12469
34670
38809
26170
30893
28849
29347
20936
23721
34833
34973
27243
28718
31803
11938
11476
26723
16720
29114
10618
37314
30598
38321
25981
18117
25338
26658
10233
12275
36769
21856
27995
22203
17193
20030
37154
22300
29606
32139
38137
34028
35362
14901
14154
31809
21960
17141
13870
37018
24735
31656
16957
24894
17794
17381
37011
17450
27069
12182
21936
14991
15577
11805
34051
39638
19849
29241
19168
33857
32579
16386
24397
29812
15507
11871
39270
21766
37818
19570
21541
24448
19435
17760
35966
39267
21300
21755
11786
37773
18685
19167
18089
35171
15680
21543
10529
39442
35704
32752
30205
18292
13516
18811
26238
29718
22006
11103
23593
20233
38350
12566
22956
33552
24628
24517
24892
14229
24019
21061
30449
37877
27531
18263
11518
25177
14048
24967
36625
10029
38219
21177
13991
13189
28361
20496
36119
30498
10139
31527
19769
10874
22563
32981
22551
11071
23096
20855
31077
32748
27044
29307
22193
33583
37407
13953
23564
22986
32263
12359
37780
30902
15373
13308
35850
12442
10595
37263
18969
23180
16652
11029
36900
30765
38246
28563
11777
39269
36959
16129
19985
32300
24504
18894
32459
35503
31650
17559
38051
19156
31461
23226
37638
26782
25746
27489
32120
12957
24847
11312
35153
13254
12391
19681
19555
16293
35101
11343
30024
14888
20282
17472
23089
10671
19437
38605
36556
23261
28303
23719
29443
39667
11752
26670
17284
18971
36216
10171
15874
17558
29772
24284
30423
26256
11979
14413
38792
26954
20826
11557
25242
29264
19440
22813
13558
18158
27151
39395
30777
33056
30223
19811
17386
37391
23190
30706
22264
35384
35035
29800
31769
11717
14500
32601
25034
29141
19124
29345
13646
11104
29416
39610
11519
26664
21411
36566
17737
30764
19181
38546
10037
17239
24056
27877
18708
10065
29820
36270
35053
21951
20474
38579
30352
37986
28851
17070
19445
39872
13280
11543
38004
32526
33401
21278
36760
38432
35698
32537
22175
19116
27421
23081
13326
11171
29720
24764
32119
20249
24409
35161
37078
16626
10892
16302
28859
10456
25507
15169
11193
18293
33246
24143
30472
39762
12835
36073
12158
31097
24196
21512
24386
38504
36628
20541
13266
24087
23235
26293
31011
29176
35800
15275
21818
20269
35721
14417
31579
24686
16434
22763
31436
28948
38655
34444
30115
14316
35164
12504
33535
37389
24130
37539
11949
38135
18501
29832
29903
21670
10416
22678
31482
35471
14837
19106
36796
22198
36674
27027
34597
13974
21370
37249
21056
16301
15327
16362
17470
14563
38004
24059
39099
32112
36397
24199
37639
38990
21485
27594
17464
31437
15548
18597
26379
36258
36343
16612
39976
20086
12068
26491
31941
30047
37002
23568
26281
26283
11640
27500
32187
16772
25597
31126
20410
27602
34409
12345
30482
36027
28233
12345
29695
38340
29887
10003
38890
12915
17089
23032
13895
23198
31405
34609
36089
19738
30885
21066
23924
37672
34802
11061
23471
28807
27706
35819
37988
26754
16196
33001
28172
10483
18484
38476
17217
33436
37163
16356
18907
15932
21190
32156
28854
32308
14165
24972
11290
24691
33744
12908
25819
19833
22805
11830
19722
21031
24743
32607
23577
30538
23658
20018
26846
35788
26657
12262
28304
32771
30023
39690
12885
27855
10173
36129
32496
31254
11842
36211
25447
26666
28996
33959
39855
39544
29064
10605
31328
28668
37184
23781
14202
23358
10022
38160
32912
16028
17773
18154
30138
29766
22755
22469
36820
36350
29374
27690
30115
25242
28952
31146
22418
10279
22691
23202
26779
34253
23446
16807
37626
35952
23264
15207
21789
24245
22398
10813
33039
32937
27829
16947
17086
17239
22363
17878
14979
22569
35955
35651
19693
13283
16884
15096
38002
23598
12926
14174
35687
32344
12898
39526
24137
20327
39155
14607
22254
21073
12790
25684
18046
18404
29126
31561
39247
31165
18819
34132
19961
21584
20521
22043
12887
31962
32138
13486
11743
25982
25859
28000
23151
19201
11793
24207
38417
16799
26135
23895
35564
25078
31074
26907
17847
22275
37982
31782
34770
17517
28021
14280
18716
28087
26837
37749
15319
37521
29488
26371
10089
14445
33272
22474
22620
12207
39437
11701
37613
16312
35889
21386
18525
35638
35900
20667
24188
19167
12888
36415
20699
34555
12993
12100
19593
34536
10474
34199
28220
18765
34790
25513
13138
26784
30746
13572
38000
27199
26551
19420
32270
22203
11581
34928
31328
14682
10837
27359
35918
15586
17173
13774
39225
33268
24334
34623
11715
30956
32171
27710
28681
19407
28582
36856
31891
31891
12243
10472
30517
15155
25208
34133
17197
15808
20720
35955
20729
28850
18750
17795
25893
27830
23902
19000
19902
33345
38672
34331
34682
19081
39785
16497
31106
28908
24254
24096
22323
37004
27501
18690
24347
24387
22050
37338
31750
29569
21304
31525
23651
35638
31133
16954
