11
32
86
125
143
161
199
213
237
243
285
355
411
445
487
540
569
583
597
629
636
711
718
746
759
809
814
865
896
908
924
933
945
970
973
983
991
1060
1095
1128
1172
1202
1231
1259
1317
1421
1435
1442
1456
1462
1471
1520
1538
1541
1544
1561
1564
1564
1599
1607
1613
1641
1647
1684
1699
1703
1725
1745
1747
1750
1767
1770
1786
1813
1849
1857
1986
2006
2071
2097
2151
2157
2162
2228
2229
2245
2253
2253
2289
2352
2356
2373
2375
2386
2400
2436
2439
2455
2464
2491
2554
2643
2662
2697
2710
2728
2746
2811
2899
2909
2947
2998
3003
3008
3051
3075
3103
3104
3188
3197
3198
3208
3210
3213
3226
3286
3313
3328
3336
3347
3350
3417
3419
3506
3515
3616
3650
3659
3681
3718
3742
3780
3811
3822
3837
3842
3856
3877
3890
3911
3970
3972
3980
4028
4030
4060
4064
4101
4121
4182
4226
4227
4297
4322
4338
4346
4368
4409
4413
4419
4420
4423
4435
4490
4500
4547
4563
4580
4583
4599
4631
4645
4664
4687
4691
4706
4725
4760
4792
4846
4849
4900
4930
4940
4957
5087
5153
5211
5258
5309
5321
5349
5358
5378
5384
5390
5393
5407
5423
5460
5469
5474
5623
5660
5679
5682
5690
5708
5775
5786
5797
5807
5824
5842
5902
5912
5957
5959
5993
6000
6021
6023
6025
6035
6045
6124
6128
6149
6151
6183
6188
6230
6293
6328
6394
6398
6416
6422
6436
6470
6493
6552
6561
6631
6639
6686
6697
6725
6754
6795
6877
6906
6927
6929
6940
6949
6970
6972
6982
6991
6993
7026
7071
7079
7101
7107
7139
7151
7224
7243
7251
7300
7311
7400
7402
7439
7464
7466
7475
7524
7540
7542
7573
7579
7599
7627
7639
7675
7701
7706
7737
7771
7805
7839
7847
7883
7906
7913
7957
7960
7971
8117
8157
8218
8249
8270
8287
8298
8320
8332
8348
8389
8390
8425
8448
8452
8466
8478
8492
8509
8513
8514
8582
8668
8713
8728
8745
8767
8774
8845
8957
8986
8989
9010
9024
9035
9048
9135
9141
9191
9220
9228
9230
9259
9265
9282
9304
9319
9379
9387
9411
9440
9485
9498
9512
9525
9558
9584
9617
9634
9691
9729
9742
9818
9819
9857
9904
9911
9931
9934
9951
9990
10051
10085
10102
10139
10140
10154
10244
10259
10302
10302
10320
10338
10400
10418
10426
10444
10468
10474
10499
10516
10528
10542
10566
10597
10612
10626
10677
10703
10782
10788
10795
10809
10811
10854
10862
10877
10903
10925
10997
11026
11089
11110
11127
11163
11176
11188
11194
11204
11213
11220
11221
11242
11251
11300
11316
11330
11332
11332
11334
11341
11393
11445
11474
11509
11532
11535
11553
11558
11583
11600
11610
11634
11704
11719
11723
11771
11772
11790
11811
11814
11839
11885
11901
11991
12071
12088
12095
12143
12270
12348
12356
12433
12506
12546
12557
12612
12643
12647
12662
12663
12673
12686
12693
12704
12708
12712
12724
12748
12765
12797
12827
12834
12851
12856
12860
12905
12921
12959
13074
13109
13121
13128
13160
13178
13184
13195
13232
13268
13348
13372
13392
13403
13429
13436
13460
13468
13500
13503
13573
13620
13663
13677
13691
13712
13727
13729
13742
13790
13834
13841
13856
13870
13970
14005
14062
14079
14084
14084
14114
14129
14193
14225
14241
14262
14334
14339
14347
14381
14402
14411
14450
14475
14493
14526
14540
14586
14592
14646
14780
14785
14791
14809
14823
14883
14911
14945
14961
15132
15134
15180
15208
15229
15268
15280
15309
15312
15344
15346
15356
15390
15405
15418
15459
15488
15513
15529
15565
15604
15609
15638
15655
15702
15711
15719
15719
15756
15772
15776
15815
15820
15832
15854
15887
15944
15996
15998
16076
16090
16110
16126
16135
16143
16169
16198
16250
16257
16258
16313
16320
16389
16418
16439
16440
16472
16512
16530
16582
16593
16602
16603
16608
16618
16645
16704
16745
16751
16753
16764
16814
16820
16840
16857
16911
16928
16977
16980
16986
17020
17045
17046
17078
17117
17125
17130
17219
17234
17270
17291
17296
17330
17352
17403
17413
17421
17423
17471
17520
17522
17536
17551
17572
17628
17630
17741
17743
17745
17752
17763
17789
17805
17812
17844
17905
17915
18021
18024
18046
18075
18092
18107
18111
18146
18160
18161
18166
18180
18187
18230
18264
18292
18397
18397
18411
18430
18436
18460
18480
18492
18519
18531
18536
18563
18578
18603
18625
18708
18727
18732
18736
18751
18771
18775
18780
18870
18906
18910
18982
18987
18992
19002
19051
19067
19069
19083
19139
19161
19171
19174
19190
19199
19202
19207
19208
19214
19226
19252
19255
19318
19388
19493
19515
19515
19543
19583
19597
19610
19616
19632
19646
19659
19678
19770
19817
19827
19860
19868
19916
19919
19973
19983
20002
20058
20071
20126
20166
20175
20235
20264
20266
20288
20308
20376
20382
20393
20403
20424
20426
20461
20498
20515
20522
20528
20534
20607
20645
20662
20663
20710
20712
20743
20744
20820
20830
20830
20861
20871
20891
20892
21007
21029
21062
21070
21099
21106
21125
21148
21173
21173
21242
21284
21285
21293
21344
21355
21373
21396
21401
21414
21468
21478
21480
21485
21497
21540
21547
21550
21559
21620
21634
21658
21665
21673
21695
21714
21715
21729
21768
21836
21838
21911
21951
21954
21968
21969
21978
21997
22012
22126
22170
22188
22216
22254
22321
22321
22358
22364
22374
22379
22381
22385
22403
22467
22481
22493
22536
22542
22568
22640
22719
22748
22750
22761
22763
22794
22827
22852
22904
22919
22930
22935
22944
23006
23010
23101
23175
23187
23196
23200
23200
23227
23241
23261
23294
23297
23301
23386
23414
23429
23459
23479
23506
23547
23548
23590
23615
23633
23662
23704
23710
23719
23756
23766
23778
23781
23801
23815
23836
23854
23857
23871
23874
23895
23898
23899
23951
23977
23980
24018
24035
24041
24082
24169
24183
24242
24351
24356
24364
24365
24372
24376
24394
24418
24458
24460
24468
24488
24501
24510
24607
24620
24627
24633
24633
24671
24687
24697
24744
24768
24807
24830
24840
24852
24899
24932
24947
24948
24954
24954
24972
24972
25017
25018
25028
25034
25068
25081
25104
25181
25226
25252
25256
25278
25307
25377
25381
25383
25400
25502
25564
25752
25778
25810
25876
25891
25939
25952
25988
25996
25996
26002
26018
26038
26039
26087
26243
26244
26260
26304
26321
26326
26342
26370
26377
26407
26410
26445
26500
26517
26532
26575
26627
26628
26649
26697
26703
26719
26735
26742
26774
26791
26800
26811
26847
26852
26856
26858
26864
26879
26879
26885
26914
26970
26981
26982
27011
27066
27086
27182
27218
27244
27354
27425
27446
27446
27475
27475
27519
27532
27562
27609
27626
27663
27686
27732
27766
27818
27844
27986
28035
28045
28047
28075
28085
28098
28113
28249
28256
28261
28276
28321
28351
28361
28419
28450
28464
28586
28586
28587
28624
28638
28644
28647
28659
28664
28697
28758
28773
28777
28785
28796
28828
28846
28882
28895
28932
28969
28972
28982
29006
29026
29031
29064
29124
29130
29166
29208
29241
29252
29298
29325
29330
29351
29376
29377
29393
29394
29397
29442
29458
29458
29472
29572
29582
29632
29635
29638
29644
29739
29740
29760
29762
29764
29788
29812
29836
29838
29847
29882
29922
29937
29938
29975
29991
30007
30024
30034
30039
30051
30067
30070
30077
30084
30100
30107
30190
30219
30222
30251
30265
30297
30305
30314
30374
30473
30487
30493
30507
30540
30576
30597
30608
30623
30623
30714
30715
30744
30766
30808
30809
30868
30907
30913
30941
30946
30989
31026
31032
31060
31092
31124
31125
31132
31141
31143
31154
31207
31237
31253
31270
31276
31287
31302
31307
31308
31309
31342
31343
31390
31404
31417
31447
31477
31487
31493
31494
31526
31550
31577
31583
31670
31725
31727
31767
31779
31780
31798
31812
31852
31939
31969
31976
31978
32007
32017
32061
32084
32094
32158
32165
32183
32187
32212
32213
32242
32260
32302
32309
32320
32364
32368
32487
32493
32498
32499
32508
32525
32538
32544
32558
32627
32735
32744
32753
32793
32794
32824
32826
32854
32855
32862
32884
32885
32890
32954
33001
33004
33010
33018
33019
33068
33080
33121
33128
33132
33158
33250
33276
33293
33297
33304
33311
33326
33361
33395
33424
33434
33518
33574
33623
33625
33644
33648
33676
33692
33705
33732
33827
33845
33914
33935
33949
33989
34055
34109
34152
34156
34161
34224
34272
34322
34324
34380
34395
34430
34432
34433
34436
34445
34482
34516
34528
34643
34662
34678
34692
34761
34790
34835
34837
34851
34869
34885
34918
34979
34985
35020
35028
35039
35108
35126
35159
35169
35189
35193
35199
35209
35275
35306
35327
35347
35353
35380
35414
35433
35474
35480
35482
35504
35533
35553
35597
35639
35641
35654
35656
35672
35675
35710
35721
35723
35741
35748
35779
35795
35810
35819
35843
35913
35934
35937
35985
36001
36015
36076
36090
36092
36191
36202
36230
36253
36306
36328
36393
36413
36432
36453
36505
36544
36579
36613
36664
36669
36672
36698
36762
36762
36792
36812
36858
36868
36883
36947
36952
36978
37038
37076
37098
37122
37200
37216
37312
37313
37315
37332
37334
37353
37402
37409
37418
37427
37453
37501
37524
37535
37540
37559
37581
37592
37595
37607
37612
37613
37617
37648
37721
37745
37776
37792
37820
37844
37845
37857
37876
37897
37919
37928
37961
37970
37998
38001
38022
38028
38029
38071
38095
38120
38161
38174
38202
38260
38302
38326
38335
38335
38353
38358
38397
38398
38400
38436
38437
38457
38464
38495
38517
38542
38546
38548
38629
38632
38639
38657
38684
38736
38749
38767
38786
38804
38817
38857
38886
38913
38927
38949
38966
39008
39029
39072
39082
39098
39100
39104
39126
39158
39169
39196
39203
39306
39326
39350
39384
39393
39418
39437
39450
39567
39626
39647
39734
39734
39765
39769
39820
39822
39850
39880
39899
39909
39953
39957
40010
40062
40083
40099
40104
40127
40130
40178
40193
40193
40201
40215
40219
40243
40256
40273
40288
40322
40330
40332
40336
40362
40391
40409
40419
40440
40489
40506
40517
40554
40569
40584
40587
40628
40701
40713
40729
40771
40830
40857
40943
40954
40980
40999
41029
41071
41075
41088
41096
41126
41139
41148
41166
41196
41236
41252
41293
41355
41397
41460
41534
41561
41605
41611
41621
41680
41687
41700
41742
41768
41942
42062
42074
42084
42110
42160
42162
42185
42212
42214
42236
42262
42279
42335
42341
42346
42346
42389
42440
42467
42527
42541
42546
42553
42590
42608
42610
42610
42630
42666
42667
42672
42674
42688
42723
42768
42845
42846
42854
42867
42892
42896
42904
42995
43034
43090
43228
43269
43353
43359
43416
43453
43483
43533
43596
43598
43666
43693
43758
43862
43928
43946
43972
43974
43974
43981
44023
44072
44085
44093
44116
44124
44147
44168
44224
44241
44273
44327
44356
44358
44396
44404
44444
44446
44472
44516
44556
44591
44632
44632
44634
44669
44721
44785
44859
44901
44905
44928
44935
44939
44986
44989
45005
45061
45090
45113
45114
45158
45183
45203
45289
45314
45363
45386
45388
45393
45460
45484
45489
45490
45510
45512
45535
45535
45559
45590
45631
45664
45732
45768
45785
45801
45848
45885
45903
45903
45920
45930
45951
45965
45995
46027
46028
46082
46234
46283
46286
46371
46385
46398
46433
46443
46478
46521
46592
46638
46646
46706
46743
46797
46840
46865
46882
46983
46987
47001
47046
47062
47081
47085
47145
47154
47225
47247
47257
47265
47296
47320
47320
47329
47333
47342
47345
47409
47415
47428
47491
47521
47538
47543
47564
47617
47626
47655
47665
47666
47667
47700
47709
47727
47785
47791
47824
47828
47845
47852
47864
47870
47878
47895
47901
47940
47989
48001
48087
48092
48099
48101
48105
48120
48124
48129
48151
48160
48180
48180
48261
48317
48332
48342
48390
48405
48465
48488
48510
48514
48581
48582
48586
48668
48693
48704
48733
48745
48750
48759
48762
48771
48810
48909
48917
48921
48938
48957
48982
48985
48988
49012
49033
49038
49049
49063
49095
49172
49188
49189
49200
49225
49238
49265
49334
49386
49394
49394
49415
49437
49536
49582
49583
49591
49602
49669
49726
49738
49776
49822
49843
49863
49864
49887
49894
49942
49953
49982
50015
50034
50041
50062
50069
50092
50116
50120
50126
50159
50184
50220
50251
50256
50260
50265
50272
50284
50304
50373
50407
50474
50509
50531
50543
50559
50600
50641
50651
50657
50706
50709
50745
50750
50784
50787
50798
50804
50811
50820
50870
50914
50919
50983
51005
51066
51089
51103
51123
51163
51186
51187
51245
51268
51296
51319
51379
51382
51385
51398
51406
51437
51476
51493
51525
51603
51619
51650
51665
51671
51676
51703
51726
51742
51756
51777
51791
51810
51815
51832
51934
51942
51949
51991
52000
52010
52036
52069
52094
52178
52186
52196
52241
52247
52305
52313
52352
52418
52425
52456
52540
52571
52574
52617
52622
52641
52653
52676
52702
52706
52723
52799
52807
52839
52840
52900
52921
52998
53042
53087
53132
53135
53195
53209
53212
53232
53245
53247
53298
53306
53345
53348
53375
53397
53417
53444
53459
53480
53492
53499
53514
53564
53589
53633
53686
53713
53725
53749
53792
53818
53832
53838
53878
53901
53910
53925
53948
53960
53962
53973
54106
54130
54176
54182
54221
54237
54247
54260
54283
54349
54371
54394
54408
54456
54458
54548
54548
54564
54646
54713
54715
54734
54791
54805
54856
54915
54930
54933
54936
55011
55049
55059
55071
55074
55081
55104
55118
55135
55140
55160
55165
55167
55188
55211
55212
55253
55260
55265
55270
55280
55290
55292
55340
55427
55456
55487
55500
55515
55577
55600
55639
55643
55646
55679
55706
55744
55791
55792
55817
55818
55836
55851
55854
55872
55881
55944
55975
55977
56035
56059
56074
56170
56245
56255
56260
56300
56315
56327
56343
56357
56397
56411
56460
56473
56517
56543
56548
56551
56552
56593
56620
56670
56686
56720
56721
56780
56799
56801
56838
56869
56884
56885
56960
57014
57052
57058
57071
57074
57122
57149
57191
57227
57257
57280
57281
57281
57307
57325
57334
57370
57423
57440
57445
57468
57566
57629
57630
57639
57642
57649
57650
57702
57733
57739
57779
57824
57834
57898
57957
58080
58094
58096
58135
58139
58153
58155
58163
58172
58202
58208
58219
58224
58227
58227
58227
58312
58380
58385
58385
58386
58436
58439
58442
58547
58556
58584
58591
58606
58607
58619
58619
58639
58663
58748
58758
58779
58813
58889
58899
58914
58918
58998
59062
59071
59081
59088
59100
59167
59241
59281
59286
59296
59341
59342
59348
59414
59417
59431
59433
59448
59471
59500
59506
59508
59596
59627
59679
59681
59724
59745
59761
59784
59798
59829
59852
59861
59863
59874
59965
59970
60033
60093
60139
60159
60178
60187
60239
60301
60338
60352
60438
60449
60450
60508
60522
60542
60576
60625
60649
60685
60717
60725
60737
60756
60853
60862
60904
60931
60938
60952
60959
60961
60965
60978
60979
60994
61021
61035
61043
61061
61099
61164
61170
61179
61233
61315
61315
61411
61415
61432
61458
61475
61476
61505
61509
61511
61519
61520
61563
61573
61581
61592
61605
61628
61631
61668
61680
61684
61734
61760
61785
61807
61877
61887
61920
61929
61959
61962
61990
61990
62040
62048
62054
62060
62121
62144
62184
62188
62215
62233
62275
62284
62291
62368
62374
62386
62400
62402
62406
62426
62456
62458
62477
62484
62485
62526
62528
62554
62578
62595
62603
62626
62628
62641
62648
62653
62701
62781
62829
62839
62842
62855
62882
62946
62957
62959
62982
62991
63008
63010
63015
63023
63041
63055
63086
63094
63103
63117
63235
63239
63263
63283
63335
63381
63385
63417
63432
63436
63467
63490
63518
63551
63596
63646
63673
63695
63715
63728
63757
63760
63805
63811
63831
63872
63897
63903
63923
63943
63975
63979
63984
64015
64023
64031
64063
64088
64151
64179
64194
64198
64213
64244
64252
64290
64302
64376
64417
64417
64434
64436
64443
64491
64491
64526
64526
64535
64561
64610
64613
64621
64695
64712
64714
64749
64778
64799
64807
64823
64839
64841
64935
64977
64995
65011
65013
65075
65086
65143
65147
65148
65196
65282
65348
65395
65448
65451
65454
65474
65474
65505
65512
65556
65631
65755
65763
65818
65864
65886
65887
65892
65902
65953
65961
65979
65992
65999
66082
66136
66139
66147
66175
66217
66241
66244
66257
66257
66262
66290
66312
66323
66339
66351
66404
66432
66489
66495
66517
66585
66643
66651
66655
66657
66675
66746
66754
66794
66846
66847
66873
66874
66885
66898
66902
66946
66955
66969
66980
67012
67020
67023
67032
67037
67049
67083
67089
67089
67099
67139
67263
67271
67283
67288
67306
67321
67344
67374
67474
67482
67491
67499
67585
67602
67632
67672
67682
67718
67765
67767
67784
67804
67857
67857
67883
67909
67952
67977
68040
68050
68072
68080
68083
68102
68136
68142
68172
68211
68224
68239
68281
68325
68350
68397
68401
68409
68432
68438
68455
68459
68471
68478
68498
68543
68561
68565
68576
68623
68672
68725
68737
68765
68811
68828
68878
68885
68892
68946
68963
69090
69106
69114
69122
69143
69163
69180
69193
69269
69337
69442
69463
69475
69476
69487
69499
69507
69519
69520
69529
69589
69591
69592
69613
69632
69642
69699
69699
69715
69746
69761
69783
69816
69823
69861
69958
69989
70021
70043
70078
70081
70081
70084
70127
70170
70221
70285
70332
70332
70353
70355
70397
70412
70478
70504
70519
70546
70617
70652
70659
70678
70678
70696
70721
70793
70798
70811
70855
70898
70931
70933
70957
70981
70986
70987
70989
70991
70994
71053
71086
71113
71151
71163
71303
71322
71325
71334
71364
71368
71401
71405
71417
71428
71438
71467
71508
71527
71541
71549
71554
71568
71572
71674
71710
71749
71759
71778
71821
71828
71934
71936
71957
72015
72074
72081
72091
72100
72115
72116
72116
72128
72134
72136
72141
72170
72182
72185
72203
72219
72221
72259
72293
72310
72354
72358
72377
72381
72393
72398
72465
72472
72510
72518
72525
72571
72575
72618
72678
72678
72695
72739
72755
72774
72953
72958
72995
73007
73017
73049
73056
73090
73108
73122
73125
73142
73181
73190
73232
73300
73342
73400
73417
73429
73448
73453
73468
73476
73507
73529
73587
73596
73603
73694
73699
73699
73731
73741
73778
73781
73786
73825
73841
73869
73878
73915
74033
74069
74115
74128
74166
74182
74212
74223
74233
74266
74288
74310
74389
74428
74440
74486
74500
74520
74558
74564
74566
74584
74610
74639
74657
74805
74850
74938
74944
74974
74982
75048
75054
75076
75089
75093
75129
75133
75139
75173
75173
75214
75220
75222
75269
75296
75327
75345
75407
75410
75419
75438
75472
75511
75602
75630
75650
75685
75699
75750
75752
75785
75788
75799
75826
75858
75868
75873
75968
75977
76001
76008
76020
76160
76167
76196
76197
76243
76296
76302
76308
76332
76382
76392
76435
76518
76536
76555
76558
76580
76593
76608
76621
76660
76668
76672
76673
76676
76682
76731
76760
76769
76771
76772
76772
76792
76801
76805
76809
76814
76831
76929
76930
76952
76963
76965
77000
77011
77041
77070
77074
77081
77115
77181
77185
77196
77239
77243
77247
77253
77308
77335
77335
77413
77518
77536
77568
77579
77598
77612
77635
77656
77674
77685
77700
77737
77754
77807
77813
77853
77945
77959
77960
77998
78000
78021
78042
78044
78075
78090
78123
78138
78148
78182
78191
78210
78233
78290
78396
78432
78437
78444
78447
78468
78475
78505
78517
78523
78529
78537
78562
78589
78617
78633
78648
78667
78667
78681
78696
78811
78832
78883
78906
78913
78950
78973
79041
79044
79050
79087
79104
79108
79130
79146
79164
79258
79264
79281
79291
79310
79313
79315
79321
79342
79352
79391
79396
79413
79433
79450
79456
79466
79476
79519
79519
79561
79570
79578
79648
79660
79726
79745
79761
79829
79849
79860
79885
79916
79954
80068
80079
80084
80090
80121
80145
80158
80214
80283
80316
80321
80329
80329
80333
80344
80370
80397
80443
80443
80451
80476
80491
80504
80528
80563
80571
80573
80577
80601
80608
80656
80656
80656
80672
80686
80724
80729
80757
80803
80811
80853
80853
80868
80872
80878
80951
80986
80989
80993
81006
81041
81075
81099
81172
81174
81176
81180
81207
81227
81235
81246
81349
81373
81373
81442
81474
81474
81544
81569
81608
81623
81634
81647
81664
81747
81761
81762
81802
81822
81843
81860
81862
81866
81942
81967
81975
81976
81978
81985
81992
81997
81999
82010
82015
82030
82048
82049
82077
82084
82092
82161
82196
82196
82218
82232
82235
82243
82243
82274
82328
82330
82348
82374
82404
82411
82440
82463
82490
82505
82513
82514
82550
82562
82588
82599
82622
82629
82647
82659
82685
82698
82773
82773
82783
82784
82792
82816
82877
82888
82907
82912
82943
82948
82956
82963
82982
82991
83042
83101
83103
83120
83265
83286
83335
83339
83348
83351
83401
83442
83479
83495
83525
83533
83540
83632
83653
83660
83699
83699
83770
83889
83897
83924
83924
83965
83972
84006
84039
84054
84061
84070
84085
84096
84101
84167
84190
84239
84249
84271
84288
84292
84310
84316
84336
84366
84374
84384
84573
84605
84623
84682
84695
84720
84728
84736
84746
84765
84780
84782
84795
84823
84831
84848
84928
84953
84959
85035
85079
85079
85101
85146
85179
85180
85198
85249
85252
85323
85352
85357
85410
85415
85452
85489
85521
85522
85540
85567
85633
85635
85688
85723
85729
85798
85851
85876
85920
85984
86038
86046
86056
86121
86155
86180
86184
86188
86191
86238
86245
86284
86306
86316
86337
86348
86351
86357
86368
86368
86373
86376
86386
86430
86624
86690
86712
86748
86755
86796
86798
86809
86824
86834
86847
86848
86921
86964
86976
87158
87169
87262
87283
87307
87311
87328
87334
87353
87380
87397
87407
87414
87414
87421
87427
87478
87491
87545
87570
87603
87614
87623
87706
87710
87715
87812
87859
87867
87897
87922
87929
87935
87951
87999
88921
88922
89590
89921
90584
91233
91593
91642
92362
93133
93363
94480
96032
96602
97012
97856
100686
100697
100791
100987
101072
102130
102328
102777
103601
103879
104221
105083
105204
108302
109162
110296
111827
111981
112226
112573
112732
114301
114846
114956
116107
116422
116965
119231
119302
120741
120993
122553
122743
123007
123066
124727
124860
124997
126075
126109
126375
126951
127408
128035
128421
129200
129364
131102
132163
132433
132889
132969
133087
133429
134501
134792
135362
135551
135735
136387
137229
137648
138820
138966
139185
141036
143073
143723
144195
144477
144693
146188
146275
146833
147195
147517
148941
149238
151028
151058
152255
152282
153407
154556
154996
155992
156322
156490
157762
158662
159200
162083
162215
162863
163630
165706
166496
167535
168283
168845
169553
169651
170260
171322
172264
172856
173078
174534
177080
177131
179127
180312
180751
181710
184703
190768
191871
192603
194444
195477
200506
200808
203744
204023
204829
205088
205485
205654
206892
211204
211743
215198
216974
217941
223570
223852
226494
227109
230076
230184
230815
231276
232236
233423
235826
236577
237081
237418
238318
244019
248204
248246
248448
251955
255615
257322
259862
260390
260804
260848
261168
261955
262696
263539
272362
275559
275693
280163
280554
281470
291339
297868
304650
307419
307512
310303
312580
317646
319252
324806
329402
330921
337650
339869
348189
348963
349215
349689
353034
353513
354137
355435
359800
359887
360534
362526
364261
365286
366120
366982
368237
372839
373660
374977
377019
377334
378722
385408
391411
393413
395343
397863
397911
399410
400422
403458
405312
405486
407588
411075
417634
424520
425127
425896
429116
433861
435057
436352
442380
443559
447880
453928
459166
459291
460400
462764
468926
472704
472710
472854
474067
477995
478313
478715
486240
486821
488003
489028
489057
496077
498991
499933
501208
502362
506902
509004
515252
516339
521540
527432
529410
533686
534206
542784
545174
547472
555547
556532
560282
570862
578973
595859
597066
597481
602062
608003
617329
623797
661551
690416
723397
733715
771992
785124
803024
835080
847358
855273
914310
921989
923967
941808
949208
953345
954041
956766
969428
969818
970849
974211
975414
976544
981565
981570
985596
986422
989305
991057
993971
996349
997276
998364
999886
1000615
1004748
1006236
1009568
1013125
1013733
1015182
1016415
1018286
1020109
1022368
1023044
1028328
1030536
1040259
1040616
1043208
1044194
1047371
1049168
1049531
1055523
1055756
1144104
1169333
1175196
1230347
1241393
1265208
1265639
1283107
1322478
1332897
1338525
1342844
1350689
1383187
1396947
1404006
1414618
1440292
1461275
1463767
1507694
1523478
1576415
1579469
1584417
1616644
1629459
1662793
1674318
1692507
1703544
1705967
1713790
1719823
1721414
1722523
1730044
1736805
1742423
1752267
1804355
1811116
1824451
1847103
1868282
1891020
1895394
1908065
1941454
1942583
1961468
1962536
1968402
1991211
2013367
2017770
2074900
2085828
2088856
2091615
2138377
2182975
2192351
2195283
2491677
2519793
2532212
2535946
2554724
2555652
2565162
2577521
2579111
2579828
2586493
2593313
2604492
2615304
2630515
2634830
2657129
2690260
2691741
2698104
2741315
2747801
2758767
2777973
2780043
2801913
2811308
2811398
2820766
2821359
2825695
2826391
2850742
2858849
2865972
2882141
2908537
2926888
2931633
2936425
2937132
2938313
2939515
2945926
2952615
2971513
2976770
2977073
2994271
3013860
3022636
3035927
3044476
3045963
3059482
3078785
3197882
3203415
3240116
3251579
3271889
3286302
3298642
3341288
3345094
3377267
3384841
3385171
3433626
3438913
3442940
3467029
3610794
3610852
3660920
3674691
3880100
3901037
3924884
3936405
4059351
4062714
4077391
4077713
4086191
4099685
4129743
4130956
4842756
4856006
4892490
4922478
4942201
4958651
4987097
5001371
5280991
5314239
5339214
5348633
5557191
5558059
5592160
5629410
5818716
5823403
5832253
5870606
5921335
5937541
5960428
5963817
5988499
5990213
6027587
6036916
6536185
6560585
6582716
6589584
6867101
6891379
6900709
6918262
8184094
8195206
8217347
8265180
8282273
8297902
8304440
8321499
8713332
8748663
8783781
8789892