1
56
63
76
90
120
153
175
213
246
274
285
287
306
314
318
324
360
363
367
372
372
383
414
416
430
440
528
558
562
564
580
583
628
682
689
691
706
710
719
723
732
734
764
775
783
843
850
888
909
912
943
957
987
994
1005
1005
1007
1014
1014
1040
1060
1074
1092
1110
1113
1115
1119
1131
1161
1162
1222
1227
1232
1279
1279
1309
1311
1324
1366
1376
1396
1433
1480
1482
1487
1522
1540
1568
1594
1617
1628
1637
1668
1679
1684
1698
1705
1722
1745
1753
1760
1766
1769
1778
1797
1799
1804
1805
1811
1849
1853
1873
1874
1888
1896
1897
1926
1939
1944
1959
1981
1981
1986
1988
2010
2020
2026
2039
2039
2040
2062
2074
2093
2104
2117
2124
2162
2163
2164
2174
2197
2227
2228
2241
2246
2270
2299
2322
2329
2384
2389
2398
2414
2418
2450
2461
2466
2470
2475
2481
2481
2484
2490
2527
2553
2582
2614
2622
2656
2673
2677
2709
2712
2743
2743
2764
2807
2808
2809
2817
2817
2821
2857
2862
2873
2912
2916
2931
2989
2990
2996
3002
3025
3039
3049
3080
3080
3094
3106
3111
3114
3114
3134
3160
3172
3266
3272
3289
3307
3320
3349
3380
3385
3388
3391
3403
3428
3430
3446
3456
3460
3490
3547
3554
3555
3564
3565
3570
3587
3623
3626
3627
3627
3638
3648
3649
3655
3661
3661
3671
3671
3718
3720
3733
3738
3756
3762
3773
3787
3792
3825
3851
3903
3917
3922
3925
3938
3948
3964
3977
3991
4002
4006
4032
4071
4077
4090
4162
4175
4177
4201
4206
4212
4232
4238
4279
4304
4325
4337
4344
4380
4390
4419
4420
4421
4431
4482
4494
4506
4510
4512
4513
4540
4556
4590
4643
4649
4654
4660
4661
4665
4666
4669
4682
4711
4725
4748
4762
4820
4821
4834
4846
4847
4850
4880
4893
4895
4937
4950
5015
5035
5060
5074
5079
5115
5118
5130
5145
5149
5160
5165
5173
5190
5191
5191
5198
5202
5240
5246
5258
5279
5295
5318
5336
5360
5412
5417
5429
5447
5472
5472
5512
5538
5549
5565
5605
5675
5682
5682
5719
5726
5731
5736
5787
5804
5808
5808
5828
5832
5842
5845
5848
5854
5883
5889
5893
5894
5900
5902
5903
5904
5907
5917
5921
5933
5946
5955
5990
5995
6038
6055
6079
6105
6110
6138
6175
6198
6215
6216
6222
6223
6224
6234
6236
6241
6243
6278
6318
6355
6357
6371
6374
6415
6432
6464
6465
6492
6493
6496
6496
6538
6544
6563
6579
6591
6597
6604
6633
6641
6654
6679
6690
6706
6707
6711
6765
6778
6839
6875
6894
6910
6925
6934
6985
7000
7007
7016
7072
7101
7102
7139
7174
7182
7186
7190
7200
7201
7261
7286
7308
7317
7334
7338
7347
7363
7409
7417
7422
7432
7448
7485
7505
7515
7527
7573
7599
7599
7612
7631
7633
7666
7696
7740
7778
7783
7803
7817
7832
7849
7860
7883
7901
7941
7950
7953
7973
7988
7997
8017
8070
8092
8119
8125
8128
8140
8141
8165
8240
8287
8305
8328
8366
8370
8382
8417
8425
8429
8436
8472
8476
8476
8499
8541
8560
8600
8606
8633
8636
8663
8674
8720
8735
8740
8752
8753
8761
8805
8819
8822
8840
8880
8880
8901
8902
8914
8917
8919
8922
8939
8950
8980
8981
8985
8994
9012
9019
9030
9066
9077
9097
9122
9123
9129
9167
9192
9225
9233
9233
9234
9235
9241
9247
9258
9267
9269
9272
9288
9306
9342
9368
9370
9379
9389
9438
9471
9489
9491
9501
9527
9535
9537
9538
9548
9550
9567
9582
9613
9625
9632
9640
9641
9642
9647
9652
9655
9665
9674
9684
9700
9720
9729
9731
9734
9761
9766
9792
9793
9808
9826
9868
9882
9883
9930
9932
9939
9964
9970
10047
10049
10049
10101
10133
10139
10157
10166
10175
10186
10202
10223
10240
10251
10252
10295
10299
10301
10304
10311
10342
10350
10356
10381
10448
10490
10502
10506
10520
10528
10552
10561
10592
10612
10613
10625
10631
10635
10644
10648
10704
10715
10718
10737
10743
10773
10779
10818
10867
10872
10894
10919
10935
10939
10946
10946
11052
11066
11090
11099
11107
11107
11140
11165
11176
11178
11224
11233
11235
11258
11278
11292
11293
11298
11298
11307
11326
11353
11392
11412
11413
11474
11482
11501
11503
11508
11517
11534
11560
11583
11596
11618
11625
11629
11630
11648
11697
11714
11724
11746
11765
11840
11841
11842
11856
11901
11910
11922
11931
11953
11965
12003
12007
12008
12011
12017
12021
12040
12054
12056
12057
12134
12152
12172
12175
12181
12204
12215
12239
12252
12262
12268
12301
12301
12304
12308
12319
12331
12331
12334
12393
12399
12425
12428
12462
12471
12477
12479
12482
12484
12488
12493
12508
12527
12529
12545
12545
12556
12565
12576
12585
12596
12596
12611
12622
12642
12665
12672
12685
12688
12690
12694
12696
12718
12722
12751
12770
12787
12832
12837
12845
12864
12889
12894
12924
12937
12942
12960
12961
13040
13052
13059
13075
13184
13203
13209
13237
13242
13276
13308
13313
13318
13327
13340
13347
13362
13376
13391
13394
13439
13479
13482
13485
13504
13518
13519
13549
13552
13561
13568
13594
13628
13630
13630
13643
13652
13683
13700
13717
13734
13763
13780
13797
13811
13843
13846
13877
13907
13914
13916
13946
13973
14024
14026
14035
14036
14049
14053
14062
14069
14073
14125
14141
14185
14196
14227
14237
14238
14255
14259
14277
14297
14323
14325
14326
14333
14348
14361
14383
14406
14421
14423
14425
14460
14473
14474
14475
14476
14482
14488
14495
14497
14513
14553
14570
14583
14606
14626
14643
14646
14650
14668
14674
14678
14684
14685
14703
14738
14739
14776
14790
14803
14804
14813
14825
14827
14840
14840
14882
14897
14917
14918
14948
14964
14972
14989
14997
15033
15041
15066
15071
15103
15108
15109
15191
15236
15239
15259
15263
15306
15332
15346
15351
15353
15377
15389
15394
15431
15450
15466
15473
15510
15520
15535
15536
15546
15554
15572
15601
15623
15637
15662
15675
15688
15712
15713
15725
15733
15801
15860
15907
15911
15913
15931
15934
15935
15950
15957
15961
15970
15982
16009
16012
16020
16021
16029
16033
16039
16108
16112
16148
16150
16189
16226
16235
16266
16276
16286
16319
16328
16356
16419
16442
16465
16466
16467
16472
16486
16492
16528
16553
16558
16560
16565
16592
16595
16675
16676
16733
16739
16745
16755
16807
16815
16832
16842
16848
16879
16915
16924
16971
16972
16981
16993
16997
17052
17054
17084
17103
17116
17118
17132
17135
17148
17172
17174
17185
17194
17206
17208
17234
17240
17242
17293
17293
17307
17321
17335
17347
17367
17369
17385
17387
17403
17426
17438
17463
17478
17481
17489
17508
17524
17604
17623
17631
17640
17641
17646
17652
17658
17681
17691
17702
17715
17742
17757
17764
17766
17797
17842
17849
17853
17857
17899
17917
17933
17946
17952
17963
17967
17980
17984
17993
18022
18030
18031
18042
18053
18089
18123
18123
18136
18144
18209
18219
18238
18297
18312
18321
18325
18337
18367
18373
18396
18398
18401
18433
18435
18450
18458
18479
18510
18512
18521
18536
18540
18548
18555
18557
18579
18637
18641
18647
18677
18716
18716
18723
18742
18744
18745
18769
18794
18803
18808
18865
18907
18923
18924
18945
18949
18954
18969
18970
18971
18978
19021
19044
19056
19061
19090
19093
19131
19162
19169
19183
19195
19201
19204
19226
19250
19292
19330
19346
19353
19358
19434
19474
19485
19497
19501
19508
19525
19546
19570
19582
19614
19631
19645
19646
19651
19689
19693
19697
19703
19729
19735
19771
19772
19798
19822
19865
19875
19878
19883
19889
19910
19916
19919
19946
19946
19956
19966
19983
19993
19993
20012
20023
20035
20077
20084
20111
20115
20131
20158
20190
20213
20217
20217
20228
20230
20270
20285
20296
20298
20300
20304
20339
20353
20372
20427
20436
20465
20486
20500
20509
20516
20525
20531
20538
20538
20548
20565
20576
20601
20607
20638
20692
20698
20761
20781
20797
20823
20838
20865
20893
20935
20936
20944
20957
20959
20965
20976
20993
20995
21000
21006
21029
21040
21041
21063
21083
21117
21119
21133
21139
21160
21185
21187
21194
21209
21225
21236
21245
21262
21291
21308
21308
21313
21327
21348
21396
21410
21444
21448
21449
21457
21497
21498
21545
21564
21579
21599
21628
21628
21635
21649
21654
21674
21682
21698
21709
21718
21736
21736
21739
21743
21759
21770
21803
21844
21859
21892
21953
21955
21966
22002
22007
22025
22031
22037
22069
22097
22132
22132
22170
22173
22188
22208
22211
22222
22229
22246
22267
22273
22279
22281
22322
22329
22336
22347
22392
22426
22432
22480
22496
22497
22516
22519
22530
22544
22545
22566
22607
22633
22690
22694
22735
22756
22792
22795
22795
22803
22815
22820
22821
22840
22851
22858
22869
22871
22878
22917
22926
22945
22950
22953
22955
22980
22985
22999
23001
23005
23080
23086
23113
23143
23149
23151
23162
23168
23194
23235
23239
23287
23288
23321
23324
23382
23385
23398
23403
23435
23457
23492
23517
23543
23552
23556
23594
23617
23630
23633
23647
23686
23695
23695
23699
23707
23732
23755
23842
23875
23897
23923
23939
23959
23985
23986
23986
23988
24002
24037
24055
24065
24077
24083
24093
24161
24181
24189
24249
24314
24368
24381
24384
24390
24410
24424
24448
24456
24456
24512
24518
24528
24541
24547
24553
24562
24567
24593
24602
24625
24628
24630
24643
24678
24690
24713
24719
24774
24777
24779
24817
24835
24840
24867
24876
24884
24903
24909
24916
24932
24934
24940
24954
25001
25020
25026
25057
25075
25091
25095
25105
25128
25134
25136
25138
25157
25163
25185
25218
25218
25313
25323
25329
25354
25357
25357
25368
25377
25412
25414
25419
25420
25433
25435
25459
25476
25478
25540
25551
25592
25602
25607
25620
25639
25644
25670
25671
25683
25684
25697
25790
25803
25808
25826
25859
25880
25898
25900
25914
25925
25934
25943
26010
26011
26041
26058
26081
26115
26123
26135
26136
26156
26207
26229
26237
26270
26280
26282
26288
26299
26300
26313
26316
26339
26343
26363
26389
26417
26479
26489
26506
26508
26508
26510
26517
26526
26557
26559
26572
26624
26625
26638
26642
26651
26652
26666
26673
26679
26683
26700
26713
26725
26728
26747
26782
26790
26791
26801
26821
26822
26857
26863
26886
26893
26896
26922
26926
26928
26941
26955
26956
26982
26997
27003
27026
27096
27101
27130
27135
27141
27149
27162
27164
27174
27179
27186
27198
27216
27259
27299
27326
27339
27343
27351
27371
27410
27444
27469
27472
27486
27490
27498
27513
27523
27537
27604
27635
27671
27672
27673
27695
27712
27740
27747
27763
27778
27790
27810
27816
27837
27859
27870
27880
27898
27939
27948
27954
27973
27979
28015
28027
28041
28081
28124
28138
28170
28189
28219
28232
28243
28292
28292
28305
28315
28327
28341
28343
28389
28406
28426
28437
28448
28469
28505
28519
28533
28534
28579
28596
28635
28648
28669
28684
28688
28695
28696
28700
28708
28712
28731
28740
28758
28866
28870
28905
28911
28931
28957
29020
29025
29033
29093
29103
29121
29125
29154
29166
29179
29255
29392
29433
29436
29447
29447
29459
29472
29481
29491
29508
29512
29530
29557
29558
29647
29658
29671
29759
29779
29786
29799
29800
29801
29839
29866
29869
29904
29907
29918
29934
29943
29953
29961
29966
29980
29985
30006
30009
30031
30068
30106
30108
30121
30130
30132
30144
30217
30255
30256
30263
30267
30299
30305
30313
30334
30340
30385
30411
30429
30468
30478
30522
30526
30531
30542
30542
30566
30587
30600
30619
30619
30620
30639
30639
30640
30729
30731
30740
30749
30750
30765
30790
30794
30840
30869
30875
30876
30923
30932
30936
30936
30937
30945
30950
30954
30968
30985
30997
31002
31062
31065
31073
31092
31100
31104
31154
31159
31168
31218
31236
31245
31255
31257
31277
31311
31316
31359
31367
31391
31393
31407
31449
31455
31455
31463
31474
31488
31536
31597
31601
31633
31653
31655
31672
31715
31781
31797
31804
31824
31837
31838
31840
31855
31875
31880
31892
31901
31942
31945
31947
31960
31985
32002
32005
32021
32035
32044
32049
32055
32115
32123
32131
32138
32170
32180
32183
32193
32228
32265
32284
32304
32318
32347
32352
32384
32410
32422
32442
32443
32452
32457
32459
32503
32512
32535
32535
32539
32575
32576
32644
32658
32680
32705
32719
32722
32731
32735
32755
32761
32775
32793
32808
32810
32866
32876
32888
32888
32930
32961
32976
32995
33007
33018
33020
33036
33048
33050
33054
33075
33078
33111
33124
33146
33152
33170
33213
33233
33236
33241
33258
33263
33320
33349
33405
33408
33428
33450
33480
33481
33485
33552
33557
33575
33583
33590
33613
33615
33627
33677
33710
33711
33716
33717
33729
33731
33745
33770
33774
33782
33794
33861
33867
33875
33897
33906
33964
33977
34032
34069
34069
34070
34071
34077
34080
34086
34098
34130
34134
34138
34150
34187
34195
34204
34238
34248
34258
34270
34281
34291
34304
34320
34329
34345
34381
34390
34411
34413
34444
34462
34464
34489
34540
34604
34672
34687
34689
34693
34724
34731
34746
34754
34766
34769
34807
34808
34822
34837
34850
34859
34864
34909
34911
34911
34922
34930
34932
34942
34946
34958
34980
34996
35006
35018
35023
35025
35079
35083
35085
35120
35133
35163
35202
35222
35237
35241
35259
35270
35275
35303
35330
35343
35370
35409
35435
35439
35440
35453
35460
35488
35509
35511
35516
35534
35535
35537
35540
35541
35561
35594
35608
35612
35616
35622
35627
35643
35651
35658
35666
35683
35698
35703
35721
35742
35745
35770
35770
35787
35792
35806
35831
35847
35851
35879
35889
35923
35981
35991
36007
36009
36034
36039
36054
36065
36076
36131
36147
36157
36168
36178
36189
36201
36210
36214
36215
36227
36243
36264
36264
36265
36379
36391
36399
36411
36429
36463
36468
36477
36494
36512
36524
36525
36573
36584
36586
36590
36637
36651
36662
36671
36676
36680
36725
36736
36744
36759
36764
36795
36869
36876
36883
36885
36889
36894
36897
36909
36918
36919
36978
37030
37055
37076
37105
37107
37114
37134
37136
37146
37149
37168
37184
37203
37227
37338
37340
37352
37358
37396
37454
37472
37538
37558
37609
37615
37622
37667
37718
37735
37747
37840
37845
37849
37857
37860
37920
37920
37925
37943
37944
37971
38016
38023
38029
38033
38041
38046
38058
38063
38083
38111
38129
38140
38172
38177
38188
38288
38289
38308
38322
38341
38382
38441
38453
38464
38464
38465
38480
38497
38511
38516
38518
38531
38531
38562
38567
38571
38624
38655
38659
38701
38704
38721
38737
38737
38738
38740
38755
38762
38766
38784
38796
38796
38821
38825
38833
38892
38917
38940
38949
38965
39006
39071
39076
39079
39089
39131
39154
39163
39169
39173
39202
39208
39230
39237
39243
39247
39286
39291
39341
39362
39391
39403
39405
39431
39462
39466
39516
39520
39565
39566
39570
39576
39577
39584
39586
39589
39628
39643
39647
39657
39660
39684
39694
39710
39711
39724
39726
39728
39734
39761
39769
39773
39793
39799
39806
39830
39830
39856
39868
39885
39887
39899
39902
39943
39948
39951
39958
39959
40010
40021
40057
40075
40087
40109
40123
40156
40189
40191
40214
40236
40242
40306
40312
40323
40343
40348
40412
40419
40423
40431
40433
40443
40466
40471
40500
40525
40539
40559
40563
40572
40607
40608
40614
40625
40632
40656
40670
40719
40726
40734
40744
40746
40758
40773
40789
40791
40805
40807
40812
40814
40845
40847
40853
40865
40867
40879
40911
40930
40930
40936
40979
40989
40996
41006
41017
41019
41048
41076
41081
41117
41124
41124
41129
41136
41151
41151
41154
41168
41185
41195
41201
41203
41216
41222
41274
41325
41351
41377
41388
41411
41437
41455
41486
41502
41502
41514
41519
41535
41535
41553
41563
41577
41620
41641
41703
41710
41717
41726
41737
41751
41754
41756
41799
41816
41854
41895
41935
41939
41945
41951
42023
42036
42040
42054
42086
42106
42115
42121
42133
42179
42187
42188
42224
42243
42252
42254
42282
42285
42300
42323
42323
42328
42362
42373
42382
42399
42437
42463
42464
42478
42480
42490
42501
42523
42558
42579
42605
42609
42618
42628
42636
42649
42653
42654
42695
42696
42711
42714
42715
42729
42734
42758
42758
42764
42768
42769
42769
42793
42794
42810
42822
42826
42845
42865
42869
42926
42927
42928
42942
42964
42991
43019
43027
43034
43036
43041
43058
43064
43064
43082
43094
43096
43098
43119
43122
43151
43179
43227
43227
43250
43263
43268
43291
43303
43319
43324
43330
43341
43357
43357
43381
43382
43387
43405
43422
43434
43485
43490
43497
43498
43542
43568
43586
43589
43589
43589
43601
43644
43646
43678
43682
43714
43727
43753
43758
43791
43828
43831
43864
43864
43893
43911
43937
43959
43970
43993
44015
44016
44025
44041
44044
44044
44071
44084
44088
44169
44184
44206
44221
44231
44246
44251
44262
44282
44314
44340
44350
44378
44408
44437
44438
44446
44448
44476
44476
44498
44502
44556
44607
44607
44615
44654
44662
44673
44718
44730
44753
44754
44770
44778
44793
44809
44819
44833
44850
44854
44862
44878
44890
44905
44918
44932
45001
45049
45101
45102
45108
45125
45132
45140
45189
45192
45202
45220
45220
45228
45232
45245
45249
45261
45263
45304
45317
45384
45424
45429
45473
45474
45486
45489
45496
45508
45511
45586
45587
45592
45601
45603
45611
45620
45641
45645
45652
45674
45711
45737
45744
45752
45782
45786
45822
45835
45867
45980
46001
46032
46033
46063
46070
46086
46094
46106
46112
46113
46124
46137
46146
46165
46182
46189
46202
46232
46243
46266
46307
46319
46336
46340
46352
46373
46392
46395
46407
46410
46423
46433
46459
46488
46500
46514
46531
46543
46557
46562
46584
46588
46628
46637
46674
46703
46709
46733
46779
46825
46846
46857
46876
46888
46918
46962
46969
46977
46994
47005
47014
47018
47026
47030
47086
47094
47142
47150
47157
47166
47168
47185
47186
47187
47209
47223
47233
47270
47287
47290
47295
47321
47337
47345
47350
47354
47359
47375
47404
47409
47410
47421
47426
47447
47449
47453
47454
47466
47480
47481
47569
47575
47589
47591
47605
47626
47628
47628
47652
47664
47674
47677
47694
47708
47721
47779
47805
47806
47818
47825
47883
47954
47954
48020
48022
48027
48053
48103
48144
48149
48155
48164
48165
48170
48191
48211
48230
48236
48240
48245
48263
48277
48317
48325
48327
48365
48380
48412
48438
48454
48454
48457
48486
48528
48535
48537
48538
48570
48643
48650
48693
48705
48731
48760
48784
48786
48804
48863
48879
48887
48890
48892
48894
48908
48922
48930
48934
48958
49011
49012
49013
49021
49026
49045
49080
49086
49105
49131
49155
49190
49229
49231
49250
49254
49292
49294
49308
49323
49342
49375
49386
49397
49409
49411
49426
49460
49489
49510
49510
49517
49536
49536
49544
49547
49572
49622
49623
49644
49646
49649
49667
49669
49699
49732
49741
49748
49787
49814
49854
49858
49886
49891
49908
49937
49938
49952
49997
50008
50010
50014
50045
50125
50139
50142
50159
50214
50227
50231
50252
50254
50269
50279
50320
50325
50365
50394
50446
50450
50488
50496
50496
50531
50541
50541
50578
50646
50679
50687
50688
50711
50747
50759
50772
50775
50801
50805
50809
50815
50836
50849
50849
50860
50877
50899
50900
50964
50995
51010
51055
51098
51114
51140
51176
51194
51247
51288
51317
51363
51373
51376
51385
51391
51393
51404
51413
51436
51482
51494
51545
51546
51554
51595
51603
51619
51642
51647
51668
51758
51776
51796
51853
51867
51880
51887
51906
51916
51925
51969
51984
51998
52003
52026
52029
52029
52032
52032
52033
52035
52053
52057
52073
52077
52100
52110
52154
52165
52170
52180
52198
52225
52248
52272
52300
52310
52357
52366
52367
52375
52413
52431
52444
52448
52473
52475
52481
52483
52486
52490
52496
52502
52521
52565
52576
52593
52608
52611
52620
52642
52650
52658
52658
52665
52728
52790
52829
52876
52887
52892
52895
52901
52911
52915
52930
52935
52988
52992
52996
53016
53022
53059
53065
53137
53138
53173
53175
53194
53240
53260
53297
53303
53306
53328
53339
53351
53354
53354
53360
53375
53408
53453
53459
53462
53477
53493
53495
53508
53571
53579
53605
53617
53633
53651
53655
53682
53687
53702
53708
53714
53717
53769
53777
53793
53828
53848
53867
53934
53996
54010
54040
54042
54059
54067
54088
54093
54100
54106
54113
54125
54127
54133
54175
54183
54201
54202
54235
54258
54288
54296
54308
54320
54322
54327
54334
54335
54350
54354
54361
54362
54372
54402
54424
54442
54457
54466
54495
54515
54553
54555
54582
54599
54602
54603
54613
54626
54630
54663
54719
54735
54736
54741
54744
54773
54785
54793
54796
54856
54875
54877
54878
54883
54888
54894
54937
54959
55002
55010
55013
55049
55057
55104
55125
55125
55127
55136
55169
55188
55209
55290
55293
55303
55306
55347
55366
55386
55403
55460
55478
55490
55518
55518
55519
55523
55523
55560
55561
55601
55614
55651
55663
55677
55734
55781
55851
55853
55857
55868
55872
55880
55892
55900
55900
55945
55954
55957
55966
55971
56002
56023
56062
56081
56089
56122
56149
56149
56215
56225
56228
56231
56390
56397
56438
56445
56507
56508
56520
56531
56542
56564
56582
56598
56604
56612
56616
56617
56628
56638
56647
56664
56694
56698
56736
56742
56745
56747
56747
56755
56772
56778
56803
56818
56836
56863
56864
56879
56886
56904
56940
56955
56967
56985
56985
57044
57052
57057
57058
57076
57080
57081
57105
57109
57147
57160
57188
57191
57193
57201
57223
57247
57251
57261
57275
57286
57293
57323
57329
57339
57351
57360
57380
57382
57409
57432
57436
57462
57473
57476
57512
57515
57527
57572
57596
57602
57611
57652
57697
57707
57747
57756
57795
57800
57831
57860
57870
57873
57878
57912
57965
57979
57980
57997
58011
58031
58064
58079
58085
58092
58102
58111
58118
58120
58128
58135
58139
58155
58178
58199
58230
58253
58258
58282
58300
58322
58323
58340
58362
58363
58422
58433
58438
58451
58456
58456
58461
58463
58466
58470
58497
58504
58514
58521
58542
58546
58560
58614
58615
58638
58641
58652
58704
58720
58734
58739
58743
58765
58797
58799
58804
58847
58851
58863
58895
58909
58910
58918
58945
58947
58963
58997
58997
59004
59047
59089
59102
59106
59120
59140
59150
59162
59175
59180
59205
59205
59211
59229
59264
59274
59275
59291
59323
59400
59424
59557
59596
59609
59630
59642
59666
59672
59688
59740
59755
59773
59775
59781
59806
59811
59835
59845
59856
59863
59875
59882
59911
59913
59942
59967
59973
59975
59979
59998
60022
60068
60094
60107
60111
60119
60142
60147
60194
60202
60218
60249
60255
60276
60282
60307
60318
60391
60410
60410
60422
60428
60430
60433
60443
60447
60450
60450
60458
60462
60484
60657
60674
60709
60730
60750
60777
60784
60794
60834
60855
60870
60882
60888
60890
60901
60903
60915
60952
60993
61011
61022
61041
61053
61086
61102
61119
61175
61182
61186
61204
61214
61221
61234
61253
61253
61257
61302
61316
61316
61321
61335
61352
61364
61364
61437
61439
61450
61470
61487
61489
61529
61531
61548
61581
61586
61628
61649
61665
61684
61690
61695
61735
61757
61795
61798
61799
61810
61814
61821
61825
61831
61836
61841
61849
61855
61859
61859
61930
61934
61941
61966
61972
61992
61996
62007
62021
62022
62027
62029
62030
62031
62040
62055
62072
62104
62111
62112
62119
62127
62128
62137
62145
62198
62247
62344
62363
62395
62404
62451
62469
62487
62496
62502
62510
62528
62541
62559
62609
62622
62646
62670
62694
62699
62704
62744
62748
62761
62770
62770
62771
62813
62829
62867
62871
62874
62874
62876
62916
62946
62962
62962
62985
63014
63027
63033
63040
63043
63070
63074
63076
63080
63087
63123
63131
63135
63141
63166
63169
63176
63250
63289
63301
63323
63325
63341
63347
63374
63405
63411
63442
63463
63466
63553
63562
63569
63589
63596
63612
63635
63647
63692
63712
63767
63779
63801
63833
63852
63885
63923
63943
63947
63956
63990
63992
63993
64024
64032
64052
64065
64068
64087
64197
64219
64227
64280
64291
64297
64320
64325
64337
64338
64345
64352
64363
64382
64382
64454
64504
64511
64520
64541
64545
64552
64566
64586
64634
64639
64643
64675
64682
64703
64707
64713
64735
64743
64759
64770
64784
64845
64848
64855
64901
64908
64925
64979
65000
65003
65017
65032
65050
65070
65195
65205
65267
65270
65317
65322
65325
65326
65369
65388
65389
65418
65439
65470
65473
65492
65505
65505
65511
65524
65531
65534
65582
65586
65588
65641
65676
65719
65756
65764
65806
65811
65827
65847
65854
65870
65875
65880
65888
65938
65978
65988
66012
66016
66019
66031
66080
66080
66117
66134
66138
66151
66168
66261
66265
66305
66306
66313
66315
66324
66331
66360
66360
66370
66371
66372
66414
66481
66495
66496
66500
66506
66518
66519
66537
66539
66543
66562
66565
66577
66578
66586
66630
66637
66640
66668
66682
66689
66698
66707
66739
66745
66767
66777
66788
66792
66796
66796
66814
66843
66851
66863
66884
66964
67036
67057
67122
67122
67133
67146
67152
67157
67177
67182
67190
67191
67222
67224
67234
67235
67240
67252
67253
67290
67310
67317
67333
67337
67398
67410
67412
67421
67432
67439
67443
67445
67456
67513
67520
67537
67538
67542
67555
67560
67568
67581
67593
67605
67606
67612
67637
67666
67678
67685
67689
67696
67715
67717
67717
67725
67725
67756
67761
67768
67790
67813
67840
67843
67876
67893
67898
67968
67974
67996
67997
68005
68029
68029
68040
68046
68063
68104
68116
68120
68130
68135
68137
68148
68157
68165
68175
68214
68220
68225
68248
68282
68284
68296
68325
68348
68353
68380
68392
68405
68409
68412
68434
68471
68481
68484
68507
68524
68532
68549
68590
68598
68604
68657
68659
68667
68692
68716
68746
68760
68780
68781
68792
68872
68881
68890
68909
68941
68943
68952
68976
68994
69005
69020
69071
69077
69078
69121
69174
69177
69179
69180
69201
69210
69211
69230
69248
69282
69292
69337
69351
69355
69358
69366
69441
69481
69484
69490
69527
69542
69542
69544
69555
69616
69645
69681
69704
69747
69758
69765
69773
69774
69777
69799
69812
69845
69853
69868
69872
69911
69924
69941
69942
69949
69952
69972
69980
69983
69984
69986
69996
69998
70078
70078
70095
70135
70152
70157
70169
70187
70195
70229
70267
70365
70374
70375
70427
70428
70443
70467
70485
70491
70588
70589
70634
70654
70681
70693
70704
70731
70740
70751
70772
70856
70913
70916
70934
70974
70994
71036
71053
71076
71083
71097
71099
71166
71174
71183
71209
71215
71243
71243
71262
71298
71311
71346
71346
71393
71406
71427
71450
71460
71477
71492
71494
71540
71541
71544
71572
71597
71623
71637
71638
71646
71657
71666
71708
71711
71757
71764
71789
71807
71839
71870
71877
71893
71960
71966
71969
71990
72004
72024
72081
72112
72122
72130
72139
72153
72196
72206
72208
72222
72244
72244
72263
72275
72293
72304
72326
72367
72378
72383
72450
72455
72481
72488
72493
72532
72560
72570
72574
72580
72597
72608
72650
72737
72743
72761
72775
72797
72812
72855
72865
72870
72875
72888
72891
72893
72908
72929
72947
72947
72951
72953
72954
73035
73053
73053
73055
73056
73060
73072
73074
73075
73076
73092
73095
73134
73144
73174
73176
73177
73197
73222
73228
73263
73266
73276
73285
73296
73302
73314
73317
73318
73336
73338
73340
73383
73386
73424
73438
73444
73459
73461
73464
73488
73491
73504
73528
73560
73580
73633
73643
73650
73653
73658
73688
73704
73709
73710
73719
73720
73747
73764
73770
73772
73796
73829
73845
73885
73900
73906
73907
73946
73974
73977
74039
74049
74059
74066
74067
74110
74122
74128
74146
74185
74192
74237
74261
74266
74294
74346
74352
74373
74410
74423
74429
74430
74449
74454
74462
74516
74530
74534
74542
74555
74603
74635
74654
74664
74715
74725
74731
74758
74801
74822
74823
74842
74864
74874
74881
74884
74927
74931
74948
74961
74970
74972
74976
74979
75000
75003
75016
75019
75044
75049
75062
75068
75068
75087
75094
75095
75095
75102
75104
75109
75147
75158
75185
75214
75238
75260
75312
75327
75342
75381
75395
75395
75403
75449
75452
75477
75500
75514
75533
75561
75564
75596
75614
75618
75634
75650
75654
75680
75725
75730
75754
75765
75804
75853
75853
75875
75896
75898
75916
75937
75943
75974
76004
76024
76055
76062
76065
76076
76076
76081
76116
76151
76156
76181
76186
76196
76211
76225
76254
76266
76276
76331
76333
76349
76353
76355
76373
76391
76399
76417
76475
76481
76501
76501
76549
76570
76603
76610
76627
76640
76671
76677
76705
76744
76747
76757
76803
76814
76815
76819
76855
76855
76858
76883
76885
76897
76898
76975
77000
77010
77036
77050
77095
77098
77114
77119
77130
77144
77178
77204
77209
77228
77234
77253
77273
77288
77297
77326
77345
77384
77384
77428
77443
77445
77461
77466
77504
77515
77549
77576
77645
77656
77681
77688
77695
77696
77740
77803
77819
77837
77861
77872
77953
77987
77989
77997
78014
78036
78082
78089
78133
78139
78159
78169
78196
78216
78227
78237
78271
78284
78285
78303
78329
78346
78373
78392
78396
78398
78417
78419
78429
78432
78443
78496
78557
78561
78576
78591
78591
78599
78634
78637
78670
78689
78696
78723
78739
78759
78763
78772
78794
78805
78814
78834
78873
78886
78903
78907
78923
78955
78958
79040
79044
79068
79073
79079
79094
79094
79101
79127
79132
79161
79164
79177
79178
79180
79183
79217
79224
79235
79235
79278
79284
79287
79316
79341
79344
79377
79384
79423
79430
79437
79446
79448
79454
79511
79526
79545
79552
79609
79614
79620
79639
79642
79658
79661
79692
79717
79725
79746
79755
79827
79827
79867
79872
79874
79876
79878
79932
79932
79933
79934
79976
80002
80017
80026
80028
80030
80043
80050
80066
80079
80080
80083
80089
80098
80118
80119
80157
80182
80191
80194
80201
80242
80253
80261
80283
80313
80385
80389
80400
80407
80456
80482
80483
80489
80532
80569
80582
80584
80639
80647
80657
80667
80674
80679
80692
80706
80721
80760
80799
80813
80831
80855
80924
80930
80999
81016
81037
81043
81054
81077
81081
81109
81165
81199
81211
81212
81213
81216
81242
81248
81288
81336
81349
81405
81411
81457
81501
81517
81531
81539
81557
81561
81562
81570
81588
81642
81665
81670
81691
81696
81698
81729
81738
81756
81772
81772
81804
81815
81825
81831
81833
81839
81871
81882
81993
82021
82033
82055
82056
82081
82083
82123
82124
82137
82145
82148
82152
82157
82189
82192
82207
82236
82241
82254
82264
82317
82318
82331
82337
82347
82392
82397
82411
82422
82493
82495
82534
82564
82623
82628
82644
82647
82649
82651
82659
82659
82681
82691
82696
82701
82702
82728
82758
82762
82784
82837
82854
82868
82875
82888
82901
82905
82915
82922
82942
83014
83014
83053
83067
83098
83155
83168
83186
83216
83246
83251
83260
83267
83279
83292
83303
83308
83314
83342
83362
83375
83379
83401
83402
83403
83404
83421
83437
83443
83479
83496
83504
83535
83536
83542
83553
83557
83557
83568
83618
83636
83669
83669
83749
83756
83786
83799
83803
83828
83848
83850
83860
83863
83870
83903
83951
83953
84001
84019
84063
84068
84098
84106
84106
84108
84123
84145
84166
84176
84178
84179
84208
84209
84210
84224
84224
84228
84240
84250
84254
84278
84280
84284
84309
84346
84346
84490
84497
84499
84524
84529
84536
84559
84579
84595
84626
84639
84745
84749
84765
84787
84800
84801
84803
84812
84816
84822
84830
84836
84894
84901
84909
84934
84955
84957
84962
84992
85011
85021
85031
85058
85062
85098
85101
85106
85109
85115
85119
85121
85124
85130
85140
85183
85187
85213
85224
85262
85271
85291
85300
85301
85312
85326
85333
85337
85347
85352
85388
85406
85435
85439
85439
85458
85481
85522
85523
85530
85555
85570
85579
85635
85663
85680
85694
85695
85725
85736
85803
85820
85826
85835
85842
85846
85853
85870
85875
85879
85884
85886
85892
85968
85991
85991
86023
86057
86106
86124
86139
86141
86142
86149
86155
86182
86196
86227
86231
86237
86238
86252
86264
86268
86272
86297
86303
86304
86309
86324
86334
86369
86372
86376
86387
86399
86401
86403
86432
86437
86498
86535
86536
86568
86577
86666
86676
86680
86697
86706
86713
86716
86724
86725
86728
86731
86742
86747
86764
86779
86833
86859
86862
86894
86913
86918
86937
86944
86944
86959
86965
86989
87010
87011
87025
87039
87041
87069
87071
87083
87087
87092
87108
87111
87137
87193
87206
87225
87260
87273
87279
87282
87285
87297
87315
87322
87346
87355
87396
87399
87431
87434
87447
87457
87461
87483
87493
87502
87521
87574
87580
87584
87612
87616
87642
87664
87668
87672
87686
87709
87713
87714
87720
87742
87743
87795
87805
87861
87931
87932
87940
87940
87955
87959
88007
88400
88899
88987
89521
90117
90189
90490
91232
91458
92728
93249
93503
94450
94834
95131
95813
96513
96577
96923
97084
97105
97238
97324
98216
99861
100138
100148
100243
100509
102313
103191
103557
103810
104002
104077
105367
105979
105997
105999
106183
106598
106997
108642
108761
108995
109230
110427
110486
110511
111560
111679
113053
113418
114021
114659
115348
115424
115894
116945
117318
117598
117978
118431
118720
119727
119915
120247
120550
121319
122382
122687
123218
123365
123569
123628
123904
124017
124517
124861
124877
125316
126202
127030
127369
127392
128135
128298
128907
129078
129526
131692
132476
132638
132682
133319
133998
134291
134464
134605
134935
136077
136400
137090
137277
137343
137873
138578
138670
139213
139213
139258
139506
139868
140205
141056
141394
142455
142565
142614
143461
145122
145347
145650
145749
146306
146690
146899
147145
147162
147251
147696
147882
148188
148398
149806
149999
150369
150490
150851
151065
151729
152349
152367
153386
153819
153922
154623
155395
155983
156853
157118
157593
158703
160986
161148
161246
161500
163227
163532
164285
165698
166016
166422
166507
167073
167501
168044
169636
170851
171070
171107
171705
172436
172466
172853
173233
173470
173802
173913
174493
174694
174728
175075
175140
175217
176008
177107
177637
178369
178539
181403
182295
182435
182564
184309
186033
186668
186745
187102
188845
189151
189441
189472
190168
191751
193667
194122
195365
195713
196200
196678
196815
199614
202885
203083
205124
205154
206610
207277
211035
211202
211240
212769
213080
214275
214611
215190
217422
219454
220435
222289
223580
224159
228079
228099
228503
230600
230687
230781
231362
232196
232789
233387
235652
237632
237935
237982
238101
238885
239531
243354
243905
244722
244930
247374
247574
247616
247809
250971
251410
253492
253920
256472
257265
259147
261553
261596
262492
262733
264022
267171
268946
278105
286325
286425
288686
289675
291182
292105
294662
297247
299155
300509
301139
305386
308883
309025
311498
311616
319640
319905
321834
321879
322554
322745
324385
328924
332912
333215
333897
333918
334447
335414
341303
349186
356525
357102
357574
357857
359015
359739
360310
363336
364044
367364
367924
370020
371629
371951
372947
374033
377361
377412
377696
379316
380942
384743
386476
386612
388693
390179
390762
391041
392355
393821
394071
394936
400264
402034
407552
408267
408869
409453
410329
410752
410772
411231
411738
412157
412858
413230
414255
416779
416992
418738
419859
422101
426412
427961
430185
431373
431925
432304
435628
439573
443213
444890
448644
450127
453328
453626
455212
457853
458483
458806
463360
463594
463772
465149
467293
469136
470578
473029
473709
478065
478252
479584
483174
483731
485851
491172
492667
496719
497198
500663
504103
504901
507338
507453
508467
511210
511964
512884
512981
515957
516021
518437
520118
520893
523302
523846
526005
526584
529089
532163
536022
539173
541950
548794
551610
556106
558617
560685
568225
570904
570950
575123
575911
577090
577210
582922
588555
604370
607660
611687
612008
614108
631243
652533
658430
663553
663687
674735
716693
716763
737036
757744
762472
764195
794096
799579
809672
810747
813818
877819
885239
887318
892482
896585
898531
907322
922933
928187
934305
941635
964068
965723
968335
971824
972698
974925
981839
982642
986759
987094
987745
988367
988619
989565
990067
990886
993819
994026
994659
995645
995647
996096
998121
1000819
1001084
1001579
1002543
1005389
1007044
1008702
1010570
1014493
1018288
1018483
1019342
1020446
1020942
1024043
1024126
1026536
1028676
1029112
1031093
1031473
1037171
1037267
1037801
1039832
1040229
1040553
1042454
1044184
1046776
1047255
1047727
1050580
1050658
1050907
1051881
1054223
1055459
1055501
1144672
1155294
1163263
1206704
1220886
1224428
1245854
1250225
1268910
1269759
1292842
1300934
1335074
1339514
1346505
1348550
1354400
1356967
1362618
1364782
1376800
1388015
1396318
1397291
1418648
1431918
1443784
1443899
1464717
1495993
1496954
1519744
1519881
1528290
1539458
1567806
1594460
1610179
1621693
1622437
1642394
1642911
1675839
1679310
1679862
1679977
1680449
1688044
1699829
1702093
1704117
1709432
1711419
1724946
1726441
1727789
1743930
1744814
1753999
1754964
1771225
1784281
1809621
1834444
1843144
1846735
1851419
1876967
1901777
1911639
1928397
1930234
1943466
1944595
1951144
1951706
1955127
1958181
1983711
2002539
2003854
2005095
2015685
2023672
2026393
2036082
2072019
2089041
2092625
2101669
2144582
2166836
2175821
2186282
2187868
2189787
2484899
2494207
2497728
2520761
2542886
2545968
2554193
2558525
2562135
2564378
2588497
2589745
2590936
2595123
2600939
2602892
2603613
2604126
2605119
2607631
2613794
2616233
2623568
2635519
2642743
2644794
2645209
2673519
2677111
2724313
2735783
2756484
2758945
2767987
2774925
2776080
2778903
2783059
2785281
2794328
2798331
2807022
2818642
2819866
2838546
2845917
2853649
2854950
2857176
2879341
2881132
2884092
2889425
2894796
2904790
2905354
2905759
2908659
2918011
2922075
2925598
2930084
2934489
2943176
2945471
2947266
2952549
2954913
2957892
2960083
2972743
2988994
3012260
3015800
3017859
3023996
3027435
3029579
3033165
3048464
3053180
3061031
3072751
3078813
3179475
3183720
3188434
3233244
3253352
3254270
3258582
3258785
3270717
3290762
3293192
3303963
3349054
3364205
3386117
3390657
3421034
3425832
3436822
3440406
3441219
3453068
3456231
3469302
3633868
3636851
3660480
3669447
3669773
3694045
3872874
3873565
3877309
3877582
3878175
3930709
4069166
4069986
4082857
4085806
4093369
4094289
4123138
4124409
4133272
4133513
4134529
4135956
4852972
4852975
4866794
4868477
4899146
4904953
4952287
4959393
4968493
5000976
5002446
5009714
5292530
5296829
5310614
5337073
5342094
5362782
5563162
5580797
5590040
5595035
5618692
5624468
5812511
5829118
5843373
5859758
5885045
5889942
5909964
5927319
5930185
5938785
5952067
5979069
5988328
5995741
6003380
6011167
6014204
6042033
6512077
6516171
6521471
6541773
6562003
6590767
6873219
6892154
6897342
6898089
6922043
6946657
8185406
8190082
8194914
8228974
8229638
8264701
8288750
8343370
8346405
8347532
8349044
8350887
8713282
8734160
8765660
8784516
8786503
8795770