105
115
262
267
303
459
871
888
1007
1157
1206
1239
1267
1366
1367
1506
1532
1744
1964
1970
2004
2188
2223
2386
2456
2626
3043
3052
3080
3192
3287
3390
3498
4182
4326
4402
4518
4550
4688
4718
4734
4758
4807
4861
4984
5041
5061
5070
5301
5507
5537
5558
5613
5622
5663
5850
5888
5936
5957
5984
6130
6137
6205
6331
6453
6455
6543
6554
6708
6815
6852
7083
7096
7441
7605
7641
7887
7909
7958
8059
8083
8110
8139
8145
8151
8299
8376
8388
8577
8595
8653
8694
9405
9497
9519
9533
9622
9904
10009
10260
10264
10293
10388
10432
10463
10480
10538
10616
10687
10730
10765
10783
10797
10807
10883
10918
11110
11193
11233
11279
11386
11434
11664
11683
11800
11914
12034
12068
12161
12470
12478
12598
12632
12675
12675
12709
12738
12909
13171
13351
13371
13589
13599
13663
13826
13848
14025
14129
14133
14181
14216
14347
14467
14522
14525
14664
14674
14684
14765
14793
14821
14852
14910
15205
15314
15354
15448
15518
15897
15916
16099
16201
16434
16469
16549
16866
16872
17185
17307
17449
17858
17866
17945
17950
18451
18519
18604
18608
18722
19005
19162
19608
19609
19751
19821
19915
19993
20260
20365
20460
20492
20494
20508
20550
20592
20718
20758
20812
20879
21137
21167
21173
21183
21277
21446
21448
21567
21681
21697
21789
21937
21939
21984
22017
22246
22302
22518
22623
22867
22899
22937
22964
23015
23043
23061
23140
23203
23255
23459
23474
23478
23497
23597
24186
24336
24529
24594
24607
24638
24735
24766
24792
24793
24817
24908
24913
24914
24961
25297
25329
25419
25495
25556
25607
25665
25757
25893
25954
26027
26076
26103
26199
26261
26335
26410
26565
26616
26731
26903
26947
26958
26978
27310
27395
27608
27631
27748
27860
27906
27936
28086
28118
28341
28582
28921
28997
29096
29189
29418
29429
29485
29586
29590
29591
29652
29658
29762
29775
29787
29951
30172
30256
30318
30397
30513
30559
30632
30741
30743
30759
30849
30970
31004
31202
31224
31317
31394
31585
31714
31844
31894
32116
32123
32525
32672
32840
32880
32906
33445
33641
33999
34074
34112
34171
34218
34240
34411
34420
34656
34700
34723
34758
35223
35242
35662
35833
35903
36011
36139
36259
36269
36527
36647
36742
36751
36810
36921
37022
37157
37189
37189
37218
37342
37377
37393
37422
37444
37450
37458
37719
37820
37988
38014
38138
38224
38450
38559
38629
38683
38694
38720
38770
38787
38801
39056
39134
39339
39434
39496
39536
39779
39833
39874
40124
40130
40469
40625
40752
40860
40975
40980
41033
41066
41089
41098
41198
41279
41319
41342
41551
41629
41733
41873
42037
42132
42185
42467
42493
42626
42707
42777
42836
42863
42932
43018
43066
43072
43139
43186
43223
43302
43379
43426
43461
43492
43579
43617
43725
43850
44084
44091
44169
44328
44358
44389
44427
44443
44449
44708
44867
44893
44986
45231
45256
45379
45381
45438
45606
45665
45852
45961
46037
46102
46104
46204
46338
46685
46890
46967
47649
47897
47980
47981
48012
48056
48059
48086
48134
48259
48312
48341
48400
48426
48454
48621
48644
48693
48702
48754
48907
49129
49349
49365
49683
49697
49797
49906
49960
50265
50322
50334
50384
50426
50459
50517
50524
50576
50600
50612
50652
50916
50964
51175
51301
51308
51728
51733
52052
52313
52408
52466
52925
53013
53230
53561
53584
53624
53866
54474
54565
54580
54694
54963
55106
55198
55237
55242
55319
55348
55531
55823
55881
55906
56013
56329
56421
56581
56588
56663
56720
56936
57042
57118
57274
57279
57281
57353
57366
57389
57699
57841
58005
58046
58067
58370
58441
58509
58591
58716
58759
58968
59125
59312
59341
59684
59713
59785
59860
59955
60013
60029
60131
60257
60304
60598
60636
60719
60812
60875
60883
60890
60891
60925
61064
61111
61133
61235
61281
61302
61407
61449
61472
61589
61592
61699
61744
61745
61808
61826
61834
61838
61917
61983
62056
62146
62536
63279
63323
63488
63663
63867
63885
63888
63944
63962
64150
64416
64471
64501
64745
64801
64955
65033
65145
65179
65277
65288
65304
65324
65472
65682
65711
65728
65785
65840
65873
65979
66266
66429
66543
66741
67076
67324
67365
67666
67727
67964
68027
68171
68201
68276
68394
68454
68590
69008
69053
69171
69192
69273
69283
69312
69441
69473
69510
69585
69673
69695
69800
69837
69916
70032
70081
70105
70108
70252
70548
70602
70783
70880
71029
71103
71127
71296
71414
71484
71609
72054
72140
72349
72384
72554
72608
72622
72677
72747
72750
72754
72755
72811
72831
72873
73007
73111
73134
73254
73329
73342
73375
73419
73527
73664
73982
74072
74161
74224
74266
74281
74464
74476
74478
74607
74776
75354
75422
75492
75726
75839
76056
76069
76079
76196
76226
76333
76368
76515
76668
76852
76878
76907
76957
77020
77061
77131
77209
77254
77304
77330
77340
77351
77397
77465
77485
77673
77732
77817
77919
77983
78142
78151
78242
78396
78985
79551
79589
79598
79611
79722
79755
79903
79921
79979
80038
80148
80234
80378
80763
80768
80834
80900
80938
81120
81234
81289
81454
81517
81839
82041
82180
82270
82409
82670
82950
83149
83239
83300
83307
83370
83462
83514
83567
83605
83614
83679
83743
83801
83814
84128
84531
84556
84705
84758
84783
84837
84902
85269
85303
85433
85439
85466
85565
85615
85662
85841
85867
85876
86050
86092
86138
86164
86178
86229
86426
86459
86579
86631
86647
86673
87168
87396
87425
87595
87614
91019
91131
93636
98654
99422
103710
103771
109908
116179
118387
121234
121289
121515
122715
124084
134455
136639
138330
139254
143772
147323
156185
161598
168088
168417
169594
169601
169862
173801
174363
174597
181114
182807
183706
188453
190089
195412
206440
208291
211373
223275
237629
241899
249780
260109
272845
283222
310351
321939
330846
335104
367869
368070
372793
387005
388465
394846
401806
421997
435078
437579
443340
444291
448201
450010
461670
495444
499462
508575
530543
566950
584070
610865
647315
780058
808078
894065
909102
984586
997837
999379
1005531
1007845
1026784
1031118
1038753
1042117
1051330
1159732
1253789
1373192
1395535
1462018
1573743
1663145
1696766
1725274
1740193
1830732
1886752
1971318
2012338
2100387
2126949
2464068
2568308
2624670
2633516
2720773
2768816
2792897
2823373
2859731
2906684
2922665
2961507
2993846
3003238
3195507
3281742
3411863
3447310
3653208
3920666
4062730
4070993
4916037
4969890
5313468
5577175
5829404
5912741
6028371
6564019
6875220
8219653
8319136
8743983