2
12
13
21
32
45
60
71
72
88
89
98
122
148
162
165
166
191
203
208
208
228
229
237
243
306
313
338
343
369
375
390
395
398
412
448
452
469
477
483
520
528
533
540
547
565
569
571
632
638
663
670
671
677
678
679
686
694
694
695
700
700
704
705
735
737
741
759
777
791
808
810
817
819
872
873
882
882
888
893
898
905
907
919
922
931
931
936
968
969
978
981
1010
1029
1033
1034
1044
1045
1046
1057
1057
1059
1062
1080
1087
1129
1134
1154
1160
1163
1178
1195
1200
1213
1223
1232
1264
1276
1279
1281
1282
1286
1289
1294
1295
1312
1315
1323
1351
1357
1368
1373
1379
1397
1400
1400
1408
1426
1430
1441
1489
1496
1500
1506
1508
1509
1538
1567
1577
1601
1606
1607
1607
1612
1617
1626
1645
1655
1671
1673
1685
1698
1712
1721
1728
1740
1747
1749
1749
1752
1754
1766
1793
1798
1807
1807
1826
1830
1841
1852
1864
1867
1874
1878
1880
1885
1898
1915
1917
1928
1941
1963
1964
1967
1979
2001
2017
2018
2031
2033
2036
2042
2060
2082
2085
2092
2105
2113
2115
2119
2130
2141
2157
2158
2159
2163
2164
2172
2176
2196
2197
2205
2225
2226
2227
2254
2259
2260
2267
2288
2291
2303
2308
2310
2316
2324
2328
2329
2332
2340
2355
2361
2365
2387
2396
2415
2426
2427
2460
2460
2465
2485
2489
2492
2497
2502
2503
2531
2534
2535
2545
2548
2554
2555
2576
2581
2591
2604
2675
2693
2714
2730
2736
2749
2757
2771
2776
2778
2786
2796
2805
2839
2843
2849
2859
2871
2904
2915
2922
2927
2941
2946
2969
2975
2982
3003
3004
3018
3029
3042
3043
3043
3064
3070
3133
3148
3160
3165
3170
3176
3192
3212
3224
3227
3236
3236
3247
3259
3259
3263
3295
3316
3347
3347
3363
3364
3365
3389
3399
3405
3415
3419
3429
3435
3442
3447
3466
3502
3508
3516
3530
3561
3564
3580
3587
3588
3596
3612
3614
3623
3633
3652
3663
3667
3672
3689
3696
3720
3724
3748
3751
3759
3764
3764
3797
3800
3802
3813
3818
3825
3844
3844
3852
3854
3855
3865
3869
3872
3883
3907
3908
3924
3935
3954
3955
3958
3960
3966
3971
3980
3999
3999
4037
4038
4047
4050
4067
4067
4075
4080
4085
4114
4118
4166
4177
4190
4209
4211
4222
4237
4240
4240
4253
4276
4292
4293
4299
4299
4305
4312
4321
4333
4333
4351
4362
4364
4375
4376
4394
4428
4433
4443
4453
4456
4460
4467
4470
4490
4518
4533
4546
4565
4589
4609
4609
4615
4618
4619
4622
4627
4641
4653
4656
4659
4666
4666
4670
4672
4674
4716
4717
4740
4747
4759
4763
4763
4776
4784
4787
4799
4804
4835
4852
4856
4865
4870
4875
4906
4922
4927
4932
4934
4934
4936
4944
4949
4955
4963
4964
4967
4979
4980
4989
5012
5013
5033
5034
5038
5042
5044
5045
5054
5055
5058
5075
5088
5096
5101
5123
5126
5140
5148
5152
5156
5159
5160
5164
5167
5176
5203
5204
5207
5248
5258
5279
5300
5305
5319
5323
5327
5334
5349
5352
5395
5397
5398
5399
5400
5405
5406
5408
5414
5428
5439
5449
5455
5458
5468
5478
5483
5485
5493
5500
5523
5525
5527
5528
5529
5532
5545
5592
5597
5607
5615
5651
5653
5675
5681
5687
5690
5698
5747
5749
5759
5760
5772
5780
5784
5790
5794
5812
5813
5814
5823
5830
5847
5851
5851
5855
5875
5894
5901
5902
5933
5934
5941
5965
5990
5990
5994
5996
6005
6009
6038
6059
6064
6074
6075
6085
6096
6103
6113
6128
6149
6163
6169
6176
6177
6178
6183
6190
6191
6198
6211
6224
6269
6280
6282
6290
6307
6315
6333
6334
6341
6361
6366
6368
6403
6409
6416
6417
6426
6430
6454
6455
6457
6465
6511
6513
6517
6518
6527
6550
6562
6564
6573
6573
6574
6580
6603
6618
6618
6628
6632
6639
6672
6674
6688
6689
6700
6713
6717
6717
6758
6770
6778
6797
6801
6818
6823
6837
6839
6856
6860
6867
6870
6890
6895
6912
6912
6915
6918
6967
6993
6999
7023
7032
7037
7042
7044
7067
7080
7118
7120
7145
7174
7191
7204
7218
7239
7240
7246
7246
7253
7267
7268
7278
7299
7310
7324
7328
7329
7353
7359
7372
7387
7408
7414
7426
7432
7442
7443
7446
7483
7500
7516
7521
7538
7538
7562
7571
7574
7580
7597
7614
7618
7628
7628
7631
7638
7655
7661
7666
7685
7685
7690
7702
7709
7718
7727
7732
7733
7752
7753
7753
7758
7762
7801
7806
7814
7817
7825
7829
7842
7848
7854
7856
7887
7891
7901
7909
7913
7932
7935
7954
7967
7968
7981
7981
8013
8019
8022
8025
8029
8035
8041
8048
8066
8067
8078
8079
8093
8104
8109
8117
8126
8127
8142
8157
8172
8187
8197
8205
8207
8215
8234
8237
8239
8257
8262
8264
8275
8283
8289
8324
8329
8343
8343
8363
8364
8369
8378
8392
8394
8397
8406
8412
8420
8449
8456
8458
8479
8489
8494
8498
8503
8530
8537
8546
8546
8564
8584
8585
8596
8611
8616
8640
8641
8651
8674
8686
8687
8721
8721
8728
8754
8770
8772
8773
8789
8793
8818
8853
8861
8865
8885
8889
8890
8932
8933
8942
8956
8976
8980
8984
8987
8996
9001
9009
9058
9068
9069
9080
9081
9081
9085
9119
9126
9132
9137
9141
9153
9153
9181
9181
9184
9186
9209
9226
9226
9229
9241
9246
9258
9266
9273
9305
9318
9320
9325
9339
9352
9355
9367
9373
9373
9380
9385
9388
9398
9401
9402
9418
9423
9424
9425
9428
9430
9434
9455
9456
9469
9479
9484
9487
9488
9500
9508
9512
9519
9519
9530
9536
9539
9542
9548
9552
9560
9607
9615
9625
9628
9629
9648
9653
9657
9669
9677
9686
9707
9714
9716
9725
9747
9748
9769
9780
9788
9788
9818
9830
9836
9856
9857
9906
9913
9929
9933
9935
9937
9954
9972
9972
9980
9991
9996
10016
10035
10036
10070
10071
10071
10072
10076
10086
10093
10105
10108
10134
10142
10142
10171
10211
10215
10225
10226
10248
10249
10255
10259
10272
10282
10285
10300
10302
10316
10317
10318
10340
10343
10347
10354
10360
10367
10368
10376
10423
10426
10434
10434
10440
10453
10457
10473
10496
10501
10501
10504
10526
10532
10537
10554
10556
10584
10606
10615
10628
10645
10647
10651
10652
10676
10683
10694
10700
10709
10722
10722
10731
10732
10734
10745
10756
10763
10780
10788
10795
10799
10800
10800
10803
10818
10822
10870
10877
10878
10882
10907
10916
10918
10919
10919
10927
10945
10947
10949
10959
10960
10967
10979
10983
11000
11011
11017
11057
11065
11067
11074
11076
11081
11083
11085
11090
11091
11093
11110
11113
11124
11127
11141
11146
11148
11168
11171
11180
11213
11213
11229
11248
11251
11255
11271
11284
11290
11303
11333
11342
11348
11360
11365
11379
11390
11395
11397
11410
11414
11422
11424
11435
11452
11455
11461
11481
11490
11491
11518
11518
11524
11535
11549
11572
11573
11594
11596
11606
11632
11633
11654
11664
11677
11686
11704
11714
11728
11734
11759
11800
11806
11850
11872
11874
11881
11881
11884
11898
11923
11932
11967
11977
11998
12005
12015
12016
12016
12037
12045
12057
12058
12073
12074
12082
12115
12142
12161
12162
12162
12163
12164
12166
12175
12181
12190
12210
12217
12220
12248
12255
12258
12271
12287
12293
12314
12321
12324
12334
12353
12353
12359
12363
12364
12367
12371
12375
12392
12395
12398
12410
12420
12424
12428
12434
12438
12440
12450
12461
12465
12466
12472
12478
12489
12493
12518
12523
12526
12526
12542
12544
12552
12558
12564
12569
12583
12594
12596
12608
12628
12643
12650
12662
12675
12676
12695
12701
12703
12707
12712
12716
12727
12737
12741
12742
12744
12745
12751
12761
12762
12766
12796
12802
12826
12840
12853
12859
12877
12880
12882
12899
12901
12905
12908
12915
12915
12921
12927
12927
12933
12934
12966
12967
12969
12978
12984
12996
13001
13003
13010
13031
13034
13044
13050
13065
13071
13077
13089
13105
13107
13110
13114
13116
13133
13140
13142
13146
13149
13153
13176
13180
13185
13196
13209
13221
13233
13236
13252
13265
13274
13277
13298
13306
13313
13319
13321
13345
13349
13351
13353
13366
13367
13370
13399
13418
13424
13430
13447
13450
13467
13479
13481
13506
13523
13535
13580
13614
13655
13661
13663
13664
13679
13701
13709
13729
13735
13744
13749
13760
13767
13772
13777
13789
13789
13790
13793
13798
13813
13840
13841
13869
13876
13889
13902
13903
13903
13943
13945
13998
14000
14027
14030
14040
14041
14045
14049
14058
14070
14071
14077
14094
14100
14105
14113
14120
14157
14162
14163
14167
14169
14189
14192
14200
14225
14228
14284
14296
14309
14317
14320
14328
14339
14341
14342
14376
14388
14389
14398
14398
14406
14414
14454
14461
14471
14483
14497
14499
14500
14509
14513
14521
14528
14531
14548
14552
14552
14556
14560
14565
14567
14569
14579
14588
14602
14606
14608
14620
14620
14626
14628
14643
14646
14660
14663
14669
14669
14670
14673
14702
14703
14713
14740
14741
14743
14747
14749
14766
14783
14814
14818
14821
14822
14822
14829
14832
14834
14845
14854
14857
14864
14865
14866
14877
14891
14898
14899
14906
14908
14929
14935
14941
14951
14953
14953
14954
14971
14976
14980
14991
15007
15021
15048
15070
15087
15090
15106
15113
15114
15119
15152
15175
15176
15189
15227
15240
15241
15245
15253
15273
15290
15308
15311
15314
15319
15332
15342
15360
15380
15406
15406
15407
15417
15436
15455
15481
15500
15531
15541
15557
15558
15565
15580
15584
15591
15598
15607
15612
15619
15632
15652
15663
15677
15680
15697
15702
15716
15719
15740
15743
15760
15760
15787
15802
15803
15824
15825
15846
15852
15855
15861
15866
15869
15877
15882
15909
15965
15967
15969
15975
15979
16012
16016
16030
16037
16059
16060
16061
16071
16077
16087
16098
16103
16105
16116
16155
16194
16196
16204
16209
16209
16213
16230
16232
16245
16248
16263
16268
16269
16272
16286
16320
16330
16337
16341
16351
16383
16388
16412
16415
16421
16446
16452
16459
16460
16469
16475
16486
16492
16553
16573
16575
16591
16622
16624
16625
16628
16628
16643
16660
16668
16678
16680
16686
16693
16699
16712
16715
16729
16748
16757
16762
16765
16791
16809
16823
16824
16825
16836
16852
16870
16871
16879
16887
16890
16897
16905
16946
16975
17003
17018
17020
17020
17021
17034
17035
17043
17045
17060
17069
17074
17090
17132
17136
17136
17140
17155
17159
17162
17194
17201
17221
17230
17234
17234
17234
17245
17290
17295
17298
17307
17334
17342
17345
17348
17361
17381
17396
17410
17426
17440
17457
17457
17459
17466
17473
17483
17501
17533
17533
17535
17552
17577
17578
17593
17599
17606
17630
17643
17669
17679
17680
17681
17684
17708
17718
17726
17727
17738
17742
17750
17753
17766
17780
17784
17793
17800
17803
17812
17834
17847
17850
17853
17858
17872
17890
17924
17926
17938
17941
17947
17952
17960
17966
17979
17984
18017
18020
18028
18057
18058
18070
18071
18086
18113
18121
18129
18135
18143
18161
18169
18198
18199
18250
18258
18271
18288
18299
18308
18308
18314
18317
18336
18345
18377
18383
18411
18422
18437
18438
18461
18465
18474
18476
18498
18498
18499
18514
18562
18562
18572
18575
18582
18601
18610
18622
18640
18643
18649
18652
18653
18653
18680
18710
18723
18744
18755
18812
18822
18830
18872
18893
18895
18907
18911
18915
18916
18917
18951
18985
18989
18993
18994
19023
19024
19027
19034
19034
19035
19043
19045
19059
19064
19075
19080
19091
19116
19123
19152
19159
19162
19168
19214
19216
19236
19240
19260
19268
19313
19321
19330
19367
19372
19374
19374
19375
19410
19414
19439
19460
19473
19475
19488
19490
19504
19547
19553
19572
19580
19583
19601
19602
19604
19609
19609
19644
19646
19648
19662
19664
19669
19670
19693
19723
19727
19728
19752
19770
19777
19793
19827
19830
19848
19858
19868
19882
19887
19890
19892
19906
19914
19979
19983
19988
20002
20014
20016
20021
20042
20057
20065
20068
20101
20102
20112
20112
20113
20119
20135
20147
20155
20164
20179
20191
20198
20216
20224
20229
20234
20243
20257
20258
20259
20275
20277
20278
20278
20282
20306
20325
20326
20353
20355
20363
20366
20372
20374
20375
20380
20382
20385
20412
20422
20444
20455
20463
20464
20473
20480
20484
20489
20490
20507
20523
20539
20549
20602
20619
20624
20626
20628
20638
20668
20670
20676
20696
20710
20712
20712
20714
20719
20770
20772
20776
20785
20804
20812
20829
20833
20836
20838
20857
20859
20887
20888
20892
20893
20905
20906
20907
20916
20937
20961
20982
20982
20983
20992
20998
20999
21045
21066
21074
21076
21080
21081
21110
21115
21120
21128
21130
21132
21133
21139
21148
21196
21205
21213
21249
21252
21267
21282
21290
21308
21321
21330
21352
21358
21359
21379
21400
21412
21420
21424
21435
21439
21442
21442
21462
21465
21470
21475
21479
21488
21510
21537
21547
21554
21554
21567
21571
21578
21586
21588
21603
21619
21623
21627
21627
21629
21635
21650
21656
21666
21667
21674
21676
21678
21680
21682
21702
21709
21722
21728
21741
21748
21751
21752
21761
21764
21772
21773
21774
21784
21787
21792
21795
21814
21833
21842
21858
21860
21865
21883
21895
21915
21935
21961
21964
21980
21984
21992
22010
22016
22027
22029
22033
22039
22089
22095
22137
22166
22172
22181
22183
22186
22188
22194
22199
22208
22212
22232
22262
22275
22279
22296
22305
22320
22331
22361
22380
22382
22401
22422
22442
22450
22456
22468
22473
22476
22481
22482
22488
22500
22512
22513
22533
22537
22551
22554
22568
22587
22590
22612
22617
22625
22634
22666
22669
22698
22701
22718
22720
22722
22723
22725
22747
22759
22769
22773
22779
22787
22805
22806
22826
22827
22862
22885
22888
22903
22908
22913
22924
22930
23009
23009
23022
23022
23032
23036
23041
23049
23055
23056
23060
23067
23076
23078
23084
23107
23114
23123
23127
23140
23151
23153
23172
23178
23187
23195
23216
23217
23234
23237
23240
23241
23257
23265
23278
23302
23319
23320
23324
23326
23326
23354
23355
23361
23363
23367
23395
23399
23402
23421
23422
23431
23438
23439
23475
23499
23509
23511
23527
23541
23541
23549
23559
23571
23577
23580
23589
23591
23596
23612
23626
23635
23651
23661
23664
23675
23682
23698
23704
23706
23707
23725
23743
23745
23747
23758
23762
23768
23771
23779
23787
23833
23861
23874
23876
23881
23887
23913
23918
23926
23927
23930
23934
23941
23950
23957
23962
23969
23972
23974
23976
23979
23986
23992
23996
23998
24021
24028
24049
24052
24054
24086
24086
24093
24098
24099
24104
24109
24110
24122
24126
24135
24136
24137
24141
24149
24158
24161
24164
24167
24170
24173
24178
24186
24191
24199
24208
24212
24227
24242
24250
24271
24273
24274
24275
24283
24291
24307
24307
24308
24318
24320
24329
24330
24344
24352
24359
24367
24372
24377
24401
24404
24408
24414
24424
24430
24431
24435
24438
24449
24464
24474
24475
24476
24484
24487
24488
24529
24531
24547
24557
24598
24605
24607
24614
24638
24640
24680
24693
24704
24727
24728
24733
24737
24742
24745
24757
24758
24777
24815
24816
24836
24837
24858
24858
24885
24893
24893
24907
24927
24936
24938
24939
24968
24972
24979
24980
24983
24987
25016
25022
25046
25050
25064
25065
25076
25093
25109
25123
25126
25130
25132
25164
25165
25178
25184
25186
25192
25230
25239
25240
25250
25256
25264
25276
25289
25304
25304
25321
25334
25345
25345
25358
25360
25365
25384
25386
25389
25405
25405
25411
25414
25417
25419
25430
25440
25443
25449
25504
25504
25512
25535
25542
25545
25546
25557
25566
25595
25596
25614
25618
25620
25629
25649
25653
25653
25660
25664
25665
25669
25674
25675
25699
25700
25722
25732
25745
25750
25751
25762
25774
25776
25783
25835
25863
25866
25869
25869
25873
25878
25881
25893
25893
25912
25927
25932
25954
25955
25963
25966
25967
25971
25984
25993
26002
26029
26031
26070
26095
26100
26110
26115
26125
26132
26133
26134
26141
26150
26163
26163
26172
26182
26193
26204
26220
26227
26239
26244
26263
26268
26270
26275
26277
26277
26281
26284
26313
26319
26320
26326
26353
26360
26361
26378
26387
26407
26414
26425
26431
26448
26470
26482
26490
26494
26509
26517
26572
26577
26579
26582
26590
26604
26646
26657
26667
26674
26690
26698
26699
26702
26727
26751
26766
26776
26779
26784
26789
26793
26794
26797
26806
26844
26854
26868
26872
26895
26907
26909
26913
26915
26923
26927
26933
26934
26934
26942
26947
26980
26988
26990
26990
27007
27018
27043
27044
27051
27091
27098
27106
27148
27149
27174
27181
27181
27204
27219
27221
27232
27243
27273
27297
27305
27308
27315
27318
27321
27330
27334
27337
27339
27342
27351
27352
27355
27356
27360
27383
27396
27404
27407
27422
27429
27436
27464
27479
27486
27497
27498
27514
27542
27550
27553
27558
27591
27605
27629
27639
27660
27663
27673
27687
27689
27689
27700
27700
27704
27707
27721
27730
27749
27753
27762
27776
27795
27804
27828
27844
27848
27858
27859
27866
27884
27914
27922
27931
27933
27936
27948
27952
27955
27979
27996
28002
28009
28026
28044
28054
28060
28060
28062
28072
28080
28084
28102
28102
28105
28111
28118
28130
28149
28167
28171
28186
28191
28211
28213
28219
28243
28246
28253
28268
28279
28281
28302
28305
28306
28331
28376
28378
28393
28405
28440
28440
28445
28450
28490
28504
28514
28528
28531
28533
28546
28554
28585
28587
28589
28599
28601
28621
28624
28630
28642
28648
28650
28651
28673
28674
28710
28712
28713
28728
28740
28750
28751
28758
28760
28771
28773
28790
28811
28814
28821
28825
28826
28837
28840
28846
28850
28853
28853
28866
28873
28898
28913
28966
28967
28985
28993
28997
29012
29067
29072
29073
29087
29092
29108
29113
29123
29136
29154
29162
29165
29171
29178
29205
29206
29207
29223
29224
29225
29233
29238
29238
29258
29262
29286
29290
29290
29297
29300
29309
29317
29347
29353
29404
29406
29424
29433
29433
29433
29449
29461
29508
29512
29525
29555
29559
29564
29604
29605
29613
29625
29627
29628
29630
29664
29673
29673
29681
29692
29703
29734
29750
29776
29776
29784
29800
29801
29810
29812
29815
29837
29844
29870
29875
29889
29896
29904
29916
29941
29949
29955
29965
29983
29984
29993
30026
30033
30048
30073
30094
30095
30100
30149
30197
30204
30210
30222
30235
30244
30244
30250
30253
30259
30262
30265
30282
30284
30287
30295
30296
30298
30308
30309
30323
30327
30328
30335
30341
30358
30366
30376
30381
30396
30400
30400
30411
30411
30413
30415
30419
30423
30437
30461
30483
30487
30496
30514
30525
30531
30534
30543
30558
30559
30566
30568
30593
30600
30614
30616
30618
30622
30631
30638
30648
30656
30664
30680
30684
30691
30699
30717
30723
30745
30753
30773
30779
30781
30791
30821
30830
30831
30844
30866
30870
30871
30874
30875
30878
30901
30907
30944
30944
30952
30958
30978
30990
30992
30996
31000
31001
31004
31013
31013
31026
31033
31037
31070
31078
31090
31095
31099
31101
31102
31103
31109
31114
31121
31141
31154
31159
31163
31165
31170
31187
31206
31210
31224
31242
31250
31252
31262
31286
31288
31312
31321
31350
31352
31356
31376
31389
31400
31406
31412
31424
31450
31470
31481
31489
31520
31524
31564
31585
31587
31589
31589
31590
31597
31606
31607
31624
31641
31659
31670
31698
31698
31701
31712
31727
31741
31742
31765
31769
31781
31791
31803
31804
31818
31820
31823
31827
31840
31858
31870
31871
31871
31875
31878
31883
31889
31890
31902
31916
31922
31928
31933
31961
31962
31993
31993
31996
32016
32023
32033
32035
32038
32054
32063
32067
32068
32079
32080
32105
32111
32135
32142
32144
32150
32154
32159
32165
32175
32178
32241
32255
32255
32265
32289
32333
32345
32349
32375
32377
32387
32388
32389
32392
32393
32394
32422
32442
32445
32450
32465
32468
32470
32474
32479
32494
32500
32518
32530
32540
32581
32592
32599
32602
32602
32607
32609
32609
32610
32613
32652
32676
32678
32678
32685
32694
32703
32712
32717
32720
32722
32728
32739
32752
32765
32767
32771
32773
32777
32807
32817
32830
32831
32843
32850
32852
32857
32861
32872
32878
32879
32880
32888
32901
32901
32916
32953
32967
32972
32984
33001
33016
33022
33024
33050
33052
33062
33067
33077
33096
33106
33120
33123
33127
33130
33131
33158
33163
33199
33205
33263
33266
33275
33286
33290
33306
33324
33342
33350
33359
33360
33378
33378
33387
33392
33410
33413
33427
33445
33453
33456
33470
33472
33477
33478
33487
33496
33511
33514
33520
33529
33530
33531
33553
33555
33560
33580
33598
33609
33609
33610
33615
33625
33646
33649
33653
33696
33710
33715
33723
33733
33738
33739
33748
33765
33771
33773
33782
33786
33827
33849
33865
33865
33870
33872
33882
33886
33886
33901
33910
33915
33918
33920
33927
33939
33950
33963
33970
33976
33977
34001
34002
34024
34025
34030
34031
34033
34039
34055
34104
34114
34115
34116
34116
34121
34125
34134
34139
34140
34149
34158
34159
34178
34180
34200
34201
34245
34258
34258
34262
34286
34287
34288
34295
34313
34315
34335
34342
34346
34349
34350
34359
34372
34388
34389
34401
34405
34405
34406
34418
34422
34437
34446
34454
34478
34504
34521
34526
34537
34547
34548
34561
34565
34576
34586
34593
34617
34634
34643
34653
34653
34665
34677
34681
34718
34728
34737
34749
34762
34765
34779
34786
34802
34814
34849
34859
34862
34869
34870
34880
34888
34894
34899
34917
34922
34931
34943
34973
34988
34991
35004
35006
35012
35018
35026
35037
35059
35075
35076
35078
35085
35094
35095
35116
35123
35149
35151
35161
35182
35194
35195
35206
35218
35229
35235
35249
35258
35269
35269
35272
35285
35305
35305
35311
35331
35331
35352
35361
35370
35373
35395
35399
35408
35412
35429
35436
35463
35493
35499
35500
35533
35562
35566
35605
35610
35610
35619
35628
35638
35639
35640
35655
35657
35674
35688
35703
35707
35715
35754
35765
35766
35784
35790
35809
35812
35825
35832
35836
35840
35844
35853
35854
35881
35892
35894
35902
35904
35920
35922
35923
35929
35932
35937
35948
35953
35956
35957
35961
35973
35977
35983
35989
35997
36000
36017
36020
36020
36026
36029
36089
36110
36111
36120
36147
36150
36188
36202
36211
36229
36241
36241
36243
36246
36265
36266
36292
36292
36300
36300
36367
36377
36411
36411
36419
36419
36465
36468
36477
36502
36504
36512
36519
36539
36543
36553
36557
36559
36566
36572
36583
36593
36611
36615
36624
36642
36647
36648
36686
36698
36701
36702
36704
36732
36774
36792
36803
36810
36866
36878
36884
36887
36899
36900
36935
36948
36961
36966
36969
36978
36980
36983
36989
36992
37001
37002
37004
37006
37007
37039
37043
37056
37061
37068
37068
37071
37073
37080
37098
37107
37110
37128
37161
37172
37180
37189
37193
37193
37205
37214
37215
37218
37218
37220
37228
37230
37250
37263
37269
37292
37301
37309
37312
37315
37319
37320
37327
37328
37330
37341
37347
37355
37362
37373
37381
37381
37385
37399
37413
37418
37435
37441
37449
37449
37506
37506
37508
37513
37516
37518
37537
37554
37569
37571
37588
37600
37601
37617
37630
37632
37634
37652
37663
37668
37668
37684
37690
37749
37763
37773
37782
37784
37784
37792
37796
37801
37805
37819
37820
37820
37825
37826
37829
37832
37836
37854
37854
37865
37875
37906
37910
37938
37940
37945
37969
37975
37982
38006
38055
38077
38097
38119
38124
38148
38159
38160
38166
38188
38204
38209
38239
38241
38267
38268
38273
38282
38306
38315
38320
38324
38341
38350
38369
38384
38385
38389
38417
38427
38431
38466
38477
38486
38486
38493
38497
38508
38513
38522
38530
38533
38536
38549
38559
38567
38569
38570
38570
38614
38620
38622
38641
38646
38664
38684
38684
38689
38691
38693
38702
38724
38745
38760
38761
38789
38789
38790
38795
38816
38817
38833
38855
38900
38901
38946
38960
38994
39000
39011
39020
39030
39033
39050
39054
39071
39082
39095
39098
39138
39156
39171
39172
39218
39219
39220
39229
39230
39238
39239
39242
39257
39263
39264
39295
39296
39308
39313
39322
39329
39358
39368
39369
39370
39398
39401
39402
39411
39419
39429
39443
39446
39455
39455
39463
39494
39515
39516
39548
39558
39565
39567
39567
39571
39574
39581
39582
39584
39590
39594
39594
39601
39606
39626
39629
39652
39669
39676
39693
39693
39711
39714
39716
39727
39737
39760
39767
39767
39769
39777
39784
39813
39815
39816
39857
39859
39869
39894
39895
39904
39908
39908
39919
39920
39924
39925
39941
39941
39950
39959
39961
39973
39977
39979
39986
39987
40003
40008
40014
40023
40025
40029
40034
40046
40047
40091
40095
40103
40115
40116
40123
40132
40141
40152
40192
40201
40228
40246
40250
40253
40257
40280
40294
40304
40306
40318
40345
40347
40349
40352
40363
40365
40366
40402
40412
40417
40425
40437
40443
40445
40466
40471
40480
40486
40500
40519
40531
40535
40543
40551
40552
40561
40565
40571
40580
40597
40601
40608
40614
40640
40653
40659
40659
40660
40675
40718
40723
40737
40738
40742
40744
40788
40817
40829
40831
40831
40843
40852
40857
40859
40870
40876
40878
40878
40880
40888
40919
40939
40941
40943
40943
40952
40975
40976
40979
40981
40988
40992
40993
41008
41010
41013
41018
41029
41033
41039
41045
41053
41074
41086
41093
41098
41101
41102
41121
41137
41144
41148
41153
41155
41168
41178
41198
41213
41227
41229
41233
41236
41240
41242
41243
41284
41289
41289
41301
41315
41322
41350
41355
41375
41392
41398
41429
41443
41448
41471
41476
41477
41477
41479
41493
41497
41501
41514
41516
41516
41522
41534
41541
41543
41553
41563
41565
41566
41571
41575
41585
41589
41612
41619
41619
41622
41632
41633
41633
41641
41647
41649
41680
41700
41709
41723
41742
41746
41753
41763
41775
41779
41809
41811
41833
41839
41851
41861
41865
41867
41867
41870
41873
41881
41899
41913
41921
41936
41941
41943
41950
41957
41978
41980
41985
41989
42001
42003
42022
42030
42040
42043
42055
42081
42085
42105
42105
42110
42112
42121
42139
42160
42160
42161
42172
42177
42187
42194
42205
42210
42217
42224
42227
42260
42277
42285
42295
42296
42301
42305
42308
42312
42338
42346
42358
42363
42370
42383
42384
42403
42418
42436
42438
42453
42488
42524
42532
42539
42544
42549
42550
42562
42571
42578
42591
42603
42612
42615
42620
42620
42622
42625
42630
42640
42667
42668
42670
42680
42688
42695
42713
42714
42725
42730
42732
42734
42750
42757
42788
42791
42796
42811
42812
42814
42820
42870
42892
42893
42906
42923
42940
42945
42977
42981
43033
43036
43036
43047
43066
43067
43068
43091
43099
43103
43105
43112
43155
43156
43170
43187
43197
43209
43228
43231
43245
43248
43253
43255
43258
43259
43264
43273
43277
43282
43290
43294
43301
43301
43315
43323
43340
43353
43361
43363
43372
43376
43395
43432
43453
43459
43463
43463
43473
43502
43513
43514
43530
43542
43577
43586
43600
43606
43620
43627
43636
43645
43648
43679
43698
43711
43751
43772
43786
43789
43795
43808
43818
43853
43853
43858
43865
43885
43901
43902
43907
43912
43916
43925
43933
43941
43955
43970
43979
44020
44029
44052
44056
44058
44066
44082
44097
44141
44145
44153
44169
44174
44180
44183
44195
44210
44224
44246
44260
44265
44280
44280
44280
44282
44295
44296
44315
44332
44336
44355
44361
44371
44412
44415
44417
44421
44463
44468
44481
44486
44490
44500
44502
44546
44573
44575
44583
44595
44597
44600
44611
44622
44627
44645
44648
44651
44657
44663
44671
44675
44706
44707
44749
44750
44750
44754
44755
44769
44771
44782
44801
44821
44833
44836
44851
44854
44857
44860
44870
44872
44903
44905
44905
44913
44920
44938
44939
44977
44986
44987
44990
45015
45024
45030
45038
45059
45066
45078
45089
45120
45123
45148
45171
45173
45190
45194
45201
45204
45210
45213
45218
45235
45248
45264
45268
45270
45285
45291
45291
45310
45315
45318
45321
45333
45348
45360
45374
45388
45408
45420
45425
45451
45459
45464
45468
45481
45500
45502
45509
45518
45564
45565
45588
45601
45607
45608
45659
45677
45686
45687
45688
45690
45714
45744
45749
45758
45763
45763
45804
45830
45835
45838
45877
45896
45917
45917
45918
45935
45937
45941
45942
45981
46004
46004
46005
46018
46020
46020
46022
46024
46026
46027
46037
46045
46045
46045
46086
46105
46154
46156
46168
46194
46204
46206
46210
46212
46224
46232
46251
46260
46265
46268
46282
46287
46308
46311
46337
46341
46348
46360
46365
46367
46377
46382
46385
46417
46417
46441
46452
46453
46468
46507
46519
46571
46591
46602
46619
46634
46635
46642
46649
46658
46673
46703
46711
46724
46727
46761
46765
46767
46780
46827
46830
46839
46844
46845
46849
46853
46856
46890
46903
46912
46914
46919
46925
46941
46946
46948
46954
46973
46974
46978
46994
46996
47020
47033
47057
47074
47088
47088
47090
47123
47125
47134
47176
47177
47184
47214
47219
47226
47242
47250
47260
47262
47276
47291
47311
47322
47324
47324
47325
47342
47345
47352
47356
47390
47392
47420
47426
47441
47447
47447
47456
47457
47466
47468
47472
47473
47474
47487
47491
47495
47496
47513
47517
47526
47531
47555
47569
47586
47587
47588
47596
47602
47618
47620
47620
47638
47661
47668
47668
47685
47685
47719
47747
47753
47754
47798
47823
47824
47839
47847
47865
47872
47879
47885
47905
47955
47956
47967
47973
47976
47985
47987
48012
48016
48020
48028
48029
48032
48042
48043
48062
48064
48100
48100
48101
48104
48108
48113
48114
48126
48176
48193
48212
48234
48234
48262
48278
48287
48292
48303
48313
48314
48343
48356
48364
48375
48378
48379
48384
48389
48398
48398
48403
48408
48414
48417
48426
48448
48457
48469
48478
48481
48533
48537
48539
48543
48546
48556
48565
48570
48588
48594
48594
48598
48609
48612
48620
48635
48649
48651
48652
48657
48664
48686
48710
48732
48733
48739
48746
48750
48753
48776
48784
48795
48797
48812
48816
48866
48886
48891
48907
48907
48923
48929
48960
48980
48982
48983
48986
48990
48992
49000
49023
49035
49036
49053
49054
49067
49073
49087
49113
49121
49143
49146
49148
49152
49160
49162
49194
49194
49199
49200
49205
49208
49211
49221
49226
49232
49249
49259
49261
49274
49282
49290
49299
49302
49304
49322
49323
49341
49355
49380
49382
49399
49408
49410
49420
49421
49437
49457
49466
49467
49469
49476
49485
49485
49498
49501
49542
49546
49546
49563
49583
49587
49590
49621
49624
49629
49629
49630
49643
49649
49659
49670
49677
49680
49681
49693
49704
49710
49716
49744
49745
49798
49798
49803
49808
49814
49874
49875
49878
49892
49895
49897
49923
49933
49949
49968
49972
49982
49987
50023
50038
50059
50060
50060
50070
50092
50101
50102
50103
50113
50120
50120
50128
50131
50136
50139
50145
50155
50170
50171
50181
50182
50185
50186
50214
50226
50226
50228
50237
50239
50270
50305
50305
50324
50340
50350
50394
50399
50403
50403
50418
50423
50425
50442
50445
50456
50466
50481
50482
50504
50509
50515
50517
50524
50526
50545
50554
50563
50581
50586
50597
50609
50614
50622
50624
50656
50660
50675
50679
50702
50715
50716
50722
50742
50746
50755
50767
50772
50773
50787
50789
50796
50803
50813
50844
50845
50850
50858
50859
50878
50880
50881
50885
50890
50901
50912
50915
50949
50959
50989
51000
51002
51007
51017
51025
51035
51041
51052
51075
51094
51116
51129
51134
51138
51143
51175
51183
51208
51215
51231
51240
51241
51247
51250
51255
51257
51274
51275
51275
51299
51312
51314
51317
51323
51324
51330
51335
51338
51342
51352
51383
51386
51388
51389
51390
51395
51407
51465
51471
51476
51479
51480
51485
51514
51519
51522
51537
51538
51541
51551
51554
51556
51558
51561
51566
51575
51581
51595
51598
51600
51600
51602
51628
51633
51647
51652
51665
51692
51713
51728
51748
51758
51762
51789
51793
51796
51798
51829
51829
51833
51839
51843
51846
51852
51868
51879
51884
51889
51904
51905
51914
51940
51950
51957
51972
51977
51991
52040
52043
52068
52069
52077
52098
52113
52116
52123
52126
52128
52136
52145
52147
52158
52181
52181
52186
52204
52212
52217
52226
52232
52242
52245
52252
52258
52258
52263
52317
52321
52339
52345
52349
52351
52354
52369
52370
52403
52409
52411
52413
52425
52441
52454
52456
52459
52462
52476
52480
52500
52512
52532
52563
52575
52592
52598
52612
52612
52666
52670
52672
52700
52706
52707
52713
52713
52713
52715
52733
52749
52763
52763
52767
52771
52784
52788
52806
52807
52811
52814
52837
52845
52873
52875
52897
52948
52949
52952
52977
53002
53013
53026
53065
53067
53070
53102
53119
53155
53171
53186
53194
53198
53201
53215
53226
53226
53246
53247
53256
53256
53263
53270
53280
53285
53302
53302
53304
53319
53321
53331
53335
53341
53353
53369
53371
53379
53386
53435
53449
53451
53465
53476
53477
53478
53479
53484
53491
53520
53520
53521
53521
53524
53527
53532
53542
53548
53560
53576
53577
53579
53581
53583
53604
53608
53612
53624
53638
53648
53661
53664
53681
53689
53711
53717
53736
53759
53771
53799
53802
53812
53817
53827
53837
53852
53853
53867
53881
53883
53893
53901
53913
53923
53963
53964
53965
53978
53981
54015
54027
54028
54030
54048
54070
54082
54085
54090
54126
54145
54147
54153
54178
54186
54194
54196
54202
54214
54214
54216
54225
54241
54268
54273
54275
54278
54283
54289
54294
54302
54309
54309
54309
54312
54319
54326
54332
54332
54337
54339
54354
54375
54393
54398
54414
54415
54416
54423
54424
54430
54441
54442
54443
54445
54455
54458
54467
54469
54488
54493
54499
54527
54534
54543
54553
54557
54562
54566
54570
54583
54599
54599
54600
54618
54620
54626
54651
54654
54655
54665
54673
54673
54679
54692
54693
54693
54706
54712
54747
54761
54773
54774
54776
54780
54784
54795
54804
54808
54824
54830
54840
54842
54857
54859
54869
54870
54890
54897
54900
54902
54913
54913
54924
54924
54931
54933
54935
54940
54946
54946
54952
54972
54973
54983
54989
54990
54993
54995
54999
55015
55031
55043
55043
55050
55085
55091
55092
55104
55105
55107
55118
55133
55142
55149
55164
55167
55167
55182
55193
55198
55214
55217
55235
55246
55248
55254
55276
55279
55286
55311
55314
55318
55333
55333
55336
55343
55344
55353
55363
55370
55380
55396
55413
55435
55439
55450
55455
55464
55466
55473
55479
55490
55515
55541
55541
55543
55564
55576
55580
55580
55591
55601
55630
55644
55651
55658
55666
55678
55681
55718
55723
55732
55733
55733
55734
55742
55743
55751
55770
55771
55771
55771
55776
55790
55792
55799
55805
55814
55836
55874
55876
55877
55915
55923
55929
55932
55932
55937
55939
55960
55962
55969
55993
55993
56020
56047
56069
56083
56092
56116
56142
56157
56164
56174
56186
56195
56211
56239
56245
56253
56254
56304
56306
56309
56314
56337
56343
56344
56370
56401
56408
56419
56427
56435
56437
56461
56464
56469
56476
56478
56484
56484
56487
56498
56536
56564
56576
56577
56578
56588
56597
56601
56605
56608
56637
56657
56662
56668
56671
56676
56679
56688
56702
56710
56718
56723
56735
56744
56746
56747
56764
56766
56804
56835
56839
56842
56846
56849
56850
56853
56867
56874
56880
56888
56890
56895
56898
56913
56924
56945
56958
56965
56971
56973
56973
56990
56998
57004
57011
57015
57063
57066
57085
57094
57122
57124
57140
57143
57146
57160
57164
57171
57194
57220
57223
57223
57232
57232
57243
57255
57257
57268
57277
57297
57297
57321
57336
57364
57369
57369
57397
57399
57437
57444
57448
57449
57453
57488
57507
57509
57512
57521
57532
57533
57534
57538
57546
57547
57553
57554
57583
57598
57598
57603
57608
57615
57628
57633
57639
57653
57655
57662
57663
57694
57699
57700
57707
57715
57720
57734
57738
57752
57760
57769
57803
57810
57820
57824
57832
57865
57867
57871
57885
57912
57918
57922
57922
57926
57939
57949
57952
57954
57963
57966
58018
58024
58034
58039
58043
58045
58052
58067
58070
58073
58079
58088
58097
58124
58131
58133
58138
58139
58148
58156
58157
58172
58173
58212
58218
58219
58232
58244
58248
58249
58279
58279
58305
58337
58345
58352
58353
58356
58365
58379
58383
58411
58418
58425
58429
58434
58438
58455
58465
58500
58510
58523
58534
58535
58550
58550
58554
58555
58572
58573
58575
58584
58590
58592
58598
58624
58641
58678
58680
58682
58685
58688
58689
58746
58749
58751
58766
58768
58771
58775
58779
58780
58798
58804
58804
58824
58832
58837
58853
58858
58864
58871
58876
58886
58888
58891
58921
58926
58952
58955
58958
58971
58977
58983
58983
58994
58997
59023
59036
59052
59058
59064
59081
59086
59122
59127
59127
59132
59138
59141
59151
59161
59196
59207
59209
59223
59230
59248
59249
59263
59267
59273
59280
59285
59335
59335
59343
59346
59355
59356
59358
59362
59385
59391
59404
59418
59421
59423
59430
59443
59446
59452
59475
59475
59502
59514
59523
59528
59531
59531
59537
59543
59557
59562
59610
59631
59632
59656
59663
59681
59686
59691
59700
59701
59711
59715
59735
59749
59760
59770
59770
59786
59790
59796
59807
59823
59832
59847
59857
59859
59875
59878
59881
59907
59916
59920
59928
59947
59951
59965
59980
59992
60003
60003
60011
60015
60027
60032
60055
60061
60077
60087
60091
60118
60119
60127
60128
60145
60156
60183
60201
60201
60209
60213
60233
60250
60254
60265
60268
60270
60276
60276
60313
60314
60324
60331
60334
60338
60340
60344
60346
60351
60352
60358
60361
60376
60385
60392
60393
60395
60397
60422
60424
60439
60445
60495
60501
60504
60508
60518
60536
60540
60549
60553
60561
60565
60574
60601
60603
60604
60617
60618
60637
60639
60640
60671
60689
60693
60700
60705
60716
60716
60717
60724
60726
60733
60751
60767
60776
60780
60799
60815
60828
60835
60839
60841
60851
60854
60855
60864
60867
60868
60876
60880
60893
60899
60903
60905
60906
60924
60924
60932
60944
60960
60969
60989
61010
61013
61016
61023
61034
61042
61074
61093
61103
61104
61125
61127
61135
61140
61140
61144
61146
61159
61213
61229
61253
61254
61278
61317
61324
61324
61348
61369
61373
61409
61426
61431
61464
61500
61502
61508
61509
61530
61545
61545
61546
61563
61571
61578
61589
61589
61592
61608
61613
61629
61644
61649
61656
61657
61661
61663
61664
61673
61674
61675
61676
61679
61680
61684
61709
61715
61715
61726
61740
61742
61762
61768
61782
61783
61802
61830
61833
61847
61852
61856
61858
61859
61862
61863
61871
61878
61923
61954
61979
61984
61986
61990
61991
61994
62038
62040
62054
62057
62074
62076
62091
62104
62111
62112
62113
62116
62118
62136
62138
62147
62156
62174
62198
62210
62221
62226
62236
62239
62251
62276
62309
62331
62367
62376
62392
62416
62421
62424
62469
62474
62483
62484
62505
62518
62565
62572
62578
62580
62584
62594
62600
62618
62626
62638
62654
62679
62681
62712
62721
62729
62732
62744
62753
62768
62772
62793
62794
62795
62830
62836
62838
62862
62869
62889
62893
62918
62923
62928
62949
62956
62964
62965
62970
62974
62980
62998
63004
63011
63014
63018
63058
63072
63089
63091
63104
63111
63113
63146
63164
63167
63184
63185
63193
63193
63209
63271
63290
63292
63305
63318
63319
63323
63331
63333
63338
63343
63346
63378
63382
63386
63389
63393
63409
63420
63420
63425
63427
63429
63436
63437
63443
63446
63446
63449
63450
63452
63462
63469
63473
63490
63491
63493
63508
63515
63533
63538
63558
63558
63570
63578
63587
63590
63602
63606
63614
63618
63629
63632
63634
63648
63650
63675
63686
63700
63706
63707
63724
63725
63730
63730
63739
63740
63751
63759
63761
63776
63804
63820
63821
63826
63827
63831
63840
63851
63859
63862
63869
63871
63879
63886
63906
63918
63922
63929
63930
63979
64005
64011
64018
64020
64023
64023
64037
64041
64049
64049
64054
64072
64094
64102
64128
64142
64146
64161
64178
64182
64197
64198
64199
64219
64225
64247
64260
64269
64274
64277
64282
64292
64299
64304
64309
64345
64347
64358
64374
64382
64390
64399
64432
64449
64449
64466
64471
64475
64483
64493
64499
64501
64504
64559
64559
64569
64575
64576
64590
64600
64618
64630
64642
64651
64670
64690
64698
64706
64707
64719
64723
64725
64725
64734
64760
64764
64771
64774
64781
64787
64793
64797
64810
64814
64821
64825
64830
64835
64850
64852
64852
64855
64862
64881
64884
64884
64914
64926
64928
64929
64931
64933
64942
64946
64951
64980
64992
64997
64997
65004
65019
65038
65067
65089
65096
65100
65104
65111
65157
65160
65166
65178
65180
65184
65185
65208
65211
65220
65225
65261
65273
65280
65311
65312
65312
65317
65346
65347
65368
65368
65368
65385
65409
65474
65477
65518
65525
65551
65551
65553
65578
65584
65588
65594
65601
65617
65625
65656
65656
65661
65663
65677
65698
65715
65723
65723
65726
65759
65762
65765
65778
65791
65791
65796
65798
65821
65852
65852
65853
65861
65863
65888
65920
65924
65929
65946
65946
65954
65960
65979
65983
65984
65992
66009
66029
66031
66031
66033
66045
66045
66061
66079
66086
66107
66115
66121
66121
66121
66139
66142
66144
66165
66166
66171
66184
66187
66191
66195
66197
66203
66204
66213
66219
66233
66237
66251
66253
66255
66259
66265
66269
66273
66300
66305
66311
66325
66334
66339
66371
66376
66382
66388
66392
66395
66430
66443
66476
66502
66519
66531
66534
66538
66546
66548
66564
66569
66574
66585
66589
66592
66613
66623
66624
66628
66647
66651
66660
66664
66686
66733
66736
66736
66741
66756
66762
66772
66773
66788
66794
66815
66837
66851
66855
66871
66876
66894
66897
66899
66900
66919
66921
66932
66934
66937
66953
66964
66965
66986
66994
67013
67021
67042
67056
67072
67085
67103
67132
67133
67151
67164
67169
67177
67184
67191
67191
67195
67195
67200
67203
67243
67268
67279
67280
67298
67307
67314
67317
67322
67344
67362
67362
67391
67400
67419
67423
67433
67454
67478
67489
67489
67495
67500
67523
67523
67530
67546
67567
67578
67581
67590
67590
67598
67611
67622
67632
67636
67652
67657
67665
67666
67678
67690
67691
67707
67707
67711
67738
67768
67783
67787
67794
67801
67806
67812
67813
67818
67821
67829
67835
67836
67837
67872
67874
67886
67901
67919
67921
67924
67930
67937
67945
67954
67977
67989
68005
68021
68021
68025
68030
68041
68042
68064
68133
68139
68140
68144
68155
68177
68186
68209
68227
68231
68260
68260
68270
68278
68284
68317
68328
68365
68372
68372
68395
68404
68405
68410
68421
68435
68439
68444
68450
68454
68456
68468
68470
68472
68478
68513
68515
68518
68527
68536
68548
68555
68563
68578
68579
68579
68580
68588
68617
68625
68637
68639
68676
68679
68695
68710
68722
68729
68737
68743
68752
68752
68762
68764
68767
68768
68794
68800
68808
68815
68820
68831
68832
68879
68891
68926
68930
68938
68944
68950
68960
68971
68998
69006
69010
69010
69092
69093
69111
69135
69145
69151
69160
69161
69161
69168
69178
69181
69181
69183
69205
69209
69245
69259
69260
69268
69285
69298
69300
69313
69319
69323
69343
69363
69383
69386
69387
69397
69407
69414
69417
69424
69429
69434
69435
69451
69474
69478
69496
69499
69508
69519
69527
69531
69554
69602
69606
69607
69618
69626
69633
69656
69658
69677
69695
69711
69712
69748
69764
69782
69782
69785
69792
69795
69824
69828
69845
69860
69861
69861
69866
69900
69907
69916
69930
69933
69940
69942
69966
69966
69974
69982
70012
70028
70034
70040
70064
70066
70069
70069
70143
70171
70187
70189
70195
70197
70198
70199
70214
70220
70253
70258
70262
70263
70267
70270
70271
70276
70277
70301
70347
70354
70358
70364
70366
70367
70384
70391
70399
70405
70411
70422
70432
70448
70451
70452
70455
70458
70486
70496
70497
70500
70524
70532
70539
70541
70543
70543
70560
70569
70610
70618
70628
70644
70676
70681
70691
70697
70701
70721
70741
70747
70756
70759
70761
70777
70793
70803
70817
70838
70842
70849
70863
70868
70872
70902
70952
70963
70967
70968
70993
70996
70998
71004
71019
71021
71028
71043
71048
71051
71059
71065
71069
71080
71081
71093
71095
71110
71112
71151
71155
71157
71160
71167
71202
71212
71216
71216
71218
71220
71228
71248
71250
71271
71276
71280
71286
71300
71301
71303
71304
71325
71350
71360
71373
71373
71386
71393
71420
71453
71463
71471
71480
71485
71499
71499
71519
71522
71523
71534
71535
71540
71566
71579
71584
71584
71607
71613
71614
71618
71643
71670
71670
71703
71709
71765
71765
71790
71814
71832
71839
71842
71850
71854
71861
71872
71893
71894
71898
71899
71904
71913
71921
71922
71927
71942
71955
71960
71985
71987
71987
72004
72008
72033
72035
72042
72076
72083
72096
72105
72105
72111
72116
72132
72134
72135
72158
72159
72165
72177
72189
72201
72202
72207
72237
72246
72265
72266
72275
72282
72283
72291
72297
72303
72319
72320
72322
72330
72354
72358
72358
72373
72374
72390
72437
72442
72449
72454
72472
72497
72551
72553
72560
72569
72575
72584
72588
72616
72620
72622
72626
72630
72634
72649
72664
72667
72673
72677
72678
72717
72723
72730
72739
72740
72752
72770
72777
72805
72809
72813
72819
72822
72823
72833
72850
72859
72860
72874
72886
72900
72916
72918
72921
72926
72927
72931
72936
72948
72950
72955
72957
72958
72959
72963
72971
72974
72979
72980
72988
72991
73000
73006
73012
73021
73032
73041
73046
73079
73091
73111
73127
73134
73141
73146
73156
73159
73180
73197
73203
73204
73220
73225
73243
73246
73248
73268
73284
73290
73292
73310
73318
73326
73335
73342
73355
73364
73375
73378
73396
73408
73409
73416
73417
73418
73428
73450
73462
73483
73489
73510
73516
73520
73535
73536
73554
73555
73558
73559
73562
73581
73589
73605
73613
73615
73623
73636
73649
73657
73659
73674
73693
73705
73731
73745
73747
73755
73778
73794
73803
73815
73818
73840
73856
73859
73863
73869
73905
73914
73922
74057
74058
74063
74073
74098
74125
74125
74139
74139
74146
74170
74175
74175
74179
74181
74182
74183
74184
74194
74202
74207
74210
74216
74217
74220
74220
74222
74231
74238
74272
74273
74289
74292
74294
74299
74302
74302
74315
74322
74322
74330
74334
74337
74350
74358
74372
74375
74383
74388
74418
74421
74436
74504
74521
74536
74579
74597
74602
74610
74612
74618
74625
74626
74628
74630
74632
74641
74647
74662
74668
74686
74691
74696
74719
74722
74726
74732
74737
74738
74740
74742
74786
74800
74818
74825
74832
74845
74879
74885
74896
74904
74915
74919
74933
74942
74943
74946
74947
74960
74968
74978
74980
74991
74997
75002
75003
75005
75014
75019
75023
75024
75029
75043
75044
75053
75062
75062
75070
75083
75108
75109
75109
75127
75135
75142
75153
75154
75160
75166
75170
75187
75206
75220
75245
75260
75275
75278
75285
75286
75301
75317
75322
75332
75347
75365
75374
75376
75377
75378
75392
75399
75407
75442
75442
75464
75476
75487
75500
75509
75540
75543
75545
75562
75571
75572
75577
75577
75578
75602
75603
75614
75623
75624
75673
75694
75715
75729
75764
75765
75766
75778
75785
75793
75821
75869
75870
75896
75899
75906
75922
75932
75968
75974
75975
75987
76002
76010
76020
76025
76029
76039
76044
76050
76054
76062
76071
76074
76080
76107
76116
76116
76134
76153
76157
76167
76234
76240
76250
76252
76257
76264
76280
76316
76318
76318
76329
76341
76343
76360
76369
76384
76392
76395
76399
76409
76419
76424
76432
76432
76433
76435
76447
76447
76475
76477
76482
76498
76502
76509
76520
76538
76542
76544
76545
76545
76552
76560
76575
76607
76610
76617
76620
76660
76665
76690
76690
76710
76723
76739
76744
76750
76751
76756
76758
76759
76769
76769
76770
76788
76808
76826
76832
76835
76837
76860
76917
76923
76925
76957
76964
76979
77007
77013
77018
77034
77038
77054
77055
77056
77058
77064
77068
77097
77101
77108
77117
77120
77133
77147
77149
77154
77164
77189
77197
77201
77206
77208
77256
77259
77279
77282
77286
77295
77338
77344
77355
77359
77370
77372
77387
77403
77409
77424
77426
77438
77449
77451
77451
77462
77498
77516
77516
77526
77528
77532
77533
77539
77547
77561
77576
77590
77599
77608
77620
77621
77626
77629
77639
77641
77654
77660
77665
77666
77669
77710
77715
77731
77741
77742
77762
77763
77780
77796
77800
77806
77819
77834
77835
77871
77872
77874
77876
77881
77883
77895
77896
77907
77913
77920
77921
77926
77937
77944
77947
77950
77955
77962
77976
77976
77978
77981
77981
78008
78014
78044
78074
78092
78103
78115
78128
78138
78145
78156
78158
78181
78189
78200
78207
78218
78226
78237
78237
78244
78259
78259
78267
78270
78275
78277
78279
78282
78283
78294
78310
78318
78328
78344
78346
78357
78368
78392
78409
78419
78431
78433
78455
78472
78481
78482
78489
78495
78539
78545
78549
78553
78559
78572
78574
78599
78605
78605
78618
78619
78625
78645
78650
78693
78698
78701
78702
78709
78717
78754
78754
78766
78776
78781
78789
78843
78852
78854
78857
78859
78868
78883
78895
78898
78901
78911
78970
78973
78973
78981
78985
78995
79013
79022
79035
79035
79038
79047
79059
79060
79069
79070
79073
79079
79125
79159
79173
79201
79215
79219
79226
79230
79240
79243
79257
79269
79275
79278
79290
79301
79307
79310
79323
79341
79361
79373
79373
79385
79410
79417
79420
79425
79428
79453
79464
79465
79468
79470
79508
79519
79549
79554
79586
79587
79596
79607
79629
79632
79670
79671
79681
79683
79684
79688
79707
79713
79717
79717
79759
79766
79798
79803
79806
79808
79811
79815
79821
79824
79825
79832
79867
79869
79872
79894
79900
79934
79937
79942
79956
79964
79980
79989
79999
80011
80028
80039
80064
80097
80097
80107
80118
80121
80124
80142
80144
80153
80159
80166
80183
80193
80200
80201
80202
80204
80232
80239
80241
80254
80263
80291
80303
80320
80324
80344
80377
80381
80390
80392
80415
80430
80434
80435
80438
80477
80523
80535
80542
80556
80579
80599
80612
80614
80615
80627
80631
80646
80654
80654
80659
80661
80682
80683
80692
80700
80701
80707
80710
80731
80740
80773
80774
80782
80803
80806
80812
80817
80831
80839
80857
80863
80885
80886
80918
80920
80929
80931
80960
80967
80973
80993
80996
81001
81003
81004
81011
81027
81061
81069
81073
81076
81076
81088
81095
81116
81128
81132
81154
81163
81170
81174
81178
81181
81203
81220
81222
81224
81252
81252
81267
81276
81307
81317
81321
81341
81346
81352
81363
81365
81375
81385
81395
81401
81402
81414
81428
81449
81458
81494
81504
81518
81531
81565
81586
81588
81589
81602
81618
81631
81636
81644
81678
81681
81694
81698
81699
81706
81709
81721
81727
81732
81762
81787
81823
81830
81831
81844
81852
81854
81858
81867
81868
81875
81898
81904
81904
81922
81926
81928
81937
81944
81976
81977
81979
81985
82013
82030
82054
82082
82085
82085
82122
82130
82132
82147
82162
82199
82214
82216
82232
82240
82255
82258
82274
82295
82310
82314
82317
82320
82324
82352
82352
82352
82369
82374
82393
82398
82403
82413
82414
82418
82422
82428
82453
82477
82494
82565
82573
82577
82620
82648
82649
82655
82664
82664
82666
82668
82683
82688
82698
82718
82719
82724
82748
82751
82756
82763
82795
82816
82823
82835
82839
82843
82861
82861
82863
82871
82875
82877
82878
82889
82890
82890
82893
82897
82908
82914
82923
82949
82959
82961
82975
82976
82979
82981
82987
82988
83001
83039
83045
83046
83052
83072
83088
83097
83109
83116
83118
83126
83140
83141
83149
83153
83178
83180
83180
83182
83185
83185
83191
83191
83235
83245
83253
83257
83258
83271
83277
83281
83286
83287
83317
83365
83366
83372
83397
83425
83437
83440
83446
83453
83453
83455
83456
83459
83459
83463
83469
83472
83476
83481
83485
83500
83517
83521
83524
83526
83528
83530
83534
83551
83570
83578
83579
83584
83589
83592
83614
83630
83643
83679
83718
83740
83757
83761
83776
83800
83818
83820
83823
83827
83835
83858
83883
83883
83897
83908
83909
83910
83915
83924
83935
83935
83952
83955
83967
83973
83978
83987
84005
84006
84014
84021
84037
84040
84064
84067
84068
84075
84100
84112
84126
84153
84178
84179
84189
84198
84206
84222
84222
84227
84281
84298
84303
84314
84319
84319
84325
84355
84360
84361
84366
84386
84391
84398
84403
84424
84428
84430
84432
84434
84452
84473
84501
84515
84519
84539
84545
84545
84560
84564
84575
84602
84614
84615
84617
84618
84632
84632
84634
84643
84661
84682
84685
84686
84691
84713
84757
84763
84765
84768
84773
84793
84797
84799
84829
84842
84849
84860
84870
84879
84882
84894
84897
84907
84909
84948
84948
84965
84970
84985
85002
85006
85012
85015
85030
85033
85036
85065
85067
85068
85073
85088
85093
85102
85107
85108
85127
85136
85137
85143
85144
85158
85160
85162
85177
85178
85189
85209
85240
85244
85245
85259
85263
85268
85268
85274
85294
85298
85305
85311
85316
85342
85373
85375
85386
85387
85389
85408
85418
85436
85436
85474
85486
85500
85515
85528
85545
85550
85560
85568
85572
85587
85588
85598
85608
85609
85611
85612
85626
85637
85648
85663
85677
85691
85692
85718
85725
85741
85752
85759
85767
85771
85814
85819
85830
85841
85844
85845
85849
85850
85860
85866
85871
85881
85882
85891
85893
85897
85908
85940
85941
85943
85944
85946
85959
85981
85992
85996
86007
86014
86015
86019
86039
86047
86048
86062
86066
86079
86102
86118
86124
86125
86130
86154
86166
86182
86183
86200
86220
86246
86268
86268
86295
86297
86303
86315
86321
86340
86343
86363
86374
86374
86378
86380
86384
86390
86394
86396
86459
86486
86495
86503
86503
86513
86520
86533
86544
86549
86565
86567
86601
86609
86611
86632
86639
86642
86643
86644
86656
86661
86670
86676
86682
86684
86689
86692
86711
86716
86719
86734
86735
86737
86737
86746
86750
86766
86784
86786
86786
86813
86820
86837
86839
86852
86872
86874
86895
86907
86926
86931
86931
86932
86947
86959
86970
86974
86979
86993
87017
87028
87043
87053
87053
87066
87081
87096
87096
87105
87115
87130
87140
87162
87164
87197
87208
87218
87220
87234
87239
87241
87274
87300
87303
87318
87330
87334
87339
87345
87368
87369
87380
87385
87422
87443
87461
87467
87467
87491
87499
87510
87512
87540
87550
87551
87551
87559
87560
87566
87584
87593
87619
87626
87640
87659
87661
87681
87682
87724
87747
87750
87751
87753
87755
87758
87766
87771
87772
87816
87841
87847
87856
87880
87892
87913
87926
87930
87937
87938
87945
87956
87980
87992
88053
88092
88630
88833
89357
89444
90556
90831
90875
91083
92162
92230
92349
92655
93097
93245
93257
93791
94084
94614
94627
94775
95851
95952
96394
96507
96533
96663
96913
97320
97398
97455
97537
97801
98004
98290
98426
98813
99294
99680
99901
99929
99985
99993
100244
100304
100347
100586
100690
100818
100843
101293
101329
102151
102204
102300
103129
103687
103914
104042
104073
104224
104224
104416
104956
105511
105681
105760
105966
106030
106090
106637
107412
107545
108323
108499
108592
108603
108642
108740
108881
109174
109216
109721
109732
110414
110436
110589
110832
111054
111850
112230
112427
112770
113002
114388
114807
114888
115994
116969
117769
117969
119035
119240
119558
120189
121090
121365
121608
121670
121953
122047
122318
122598
122772
123163
123441
123635
124322
124361
124596
125811
125925
126269
126310
127524
128010
128013
128338
128907
129119
129168
129405
129467
129656
129659
129991
129993
130031
130917
131264
131349
131662
131981
132228
132268
132379
132515
132980
133505
133541
134049
134223
134467
134663
134973
135000
135244
135655
135893
136393
136663
137026
137362
137457
137633
137817
138369
138859
138905
139340
139343
139361
139495
139498
139506
140121
140271
140285
140340
140584
141568
142436
143040
143180
143338
143764
144790
144805
144906
144951
144999
145485
146548
146958
146974
147875
148039
148165
148340
148580
148733
149110
149441
149634
150039
150254
150469
150877
150922
151159
151570
151983
152112
152828
153503
153834
153888
154269
154347
154478
154856
155105
156025
156057
156289
156422
156491
156517
156706
156954
157324
157491
157540
157568
157615
157746
157959
158133
158348
158406
158533
159028
159132
159301
159302
159776
160131
160162
160249
160680
160704
160807
161095
161245
162707
162843
163399
163447
163843
163962
165009
165072
165369
165595
166080
166959
167205
167527
167832
167887
168057
168190
168432
168452
168453
168673
169627
169679
169915
170447
170461
170698
170804
171031
171107
171209
171248
171274
171615
172625
172776
173044
173071
173111
173122
173296
173528
173557
173615
173768
173880
173970
174072
174317
174335
174885
175228
175352
175889
176217
176370
176393
176967
177023
177139
177265
177595
178217
178494
179182
179377
181803
182318
182908
183198
183614
184601
184785
185457
186066
188718
189216
189367
191876
192171
192289
192342
192560
193359
194876
196273
197742
198204
199802
199972
201223
201339
201694
202450
203686
203969
204949
205076
205377
206117
206713
207527
208851
209644
209696
212197
212452
213112
213880
214008
217209
217873
218961
220231
220654
222311
222914
223641
223654
223904
224574
225306
225393
225923
226053
226415
227118
228504
228937
228994
229215
229402
229538
229617
230227
230469
230855
233258
233947
235072
235081
235358
235713
236068
238316
240612
240642
241930
242427
242471
243822
243959
244348
244841
245287
245806
246808
247314
247960
249218
249790
249946
249954
250072
250103
250207
251146
252372
252418
252504
252877
253853
254052
254169
254196
254592
257230
257400
258076
258699
258951
259188
259772
260206
260458
261558
261857
262481
262635
262661
262772
263066
263406
263802
265232
265941
266484
267901
269058
271050
271469
272152
272416
274343
277995
278046
281099
281146
283202
283828
283947
285712
287184
290765
291204
293692
294943
295124
296079
296347
299415
300480
301109
304945
305817
307584
309825
310148
310160
310183
314191
318394
320496
327237
327630
331068
331183
331548
331960
333782
333827
335774
337172
340509
340807
342283
342798
344678
346065
346221
348644
348984
349551
351446
353085
355088
357515
357722
359294
360302
362827
364086
365205
365777
366002
366191
366194
366338
367706
368183
368660
370403
371487
373518
374561
375215
375352
375598
375657
376446
377023
377539
377716
377780
377884
378194
380010
381508
381698
383056
383067
384266
384644
386517
387326
387731
388387
389059
389946
391732
391750
392064
392136
392340
392617
393208
393270
394705
394901
395455
395592
396660
397342
398509
399148
399237
400640
401306
401367
402079
403947
406039
406766
407142
407255
407637
408438
410958
412057
412643
413743
414473
414678
414711
414750
415608
417812
420192
420539
420718
424658
425759
427312
427570
430283
430397
431189
432240
433710
435748
435844
436451
437384
438353
440659
442025
442912
443937
444358
444820
445287
445307
445449
446147
447335
449194
451229
457461
458167
459148
460020
461403
463229
463341
466359
467526
469370
469760
469821
472606
472820
472846
472910
473462
473692
474829
474878
477096
478237
478854
480287
486675
490437
491382
492516
492534
492840
493297
494635
494869
496420
497086
500023
500447
500500
500747
503260
503567
505183
505977
507090
507626
507982
508030
510653
510893
511820
511875
512101
512603
513652
513734
514715
515917
516321
516840
517963
518998
522402
524840
525017
525676
526664
527025
528248
528407
534585
539613
542110
542458
543341
543641
544555
547170
550061
551494
551587
552187
557279
558028
558874
559268
559279
559497
560094
566081
567491
574338
575949
578822
583604
585513
587983
597039
598040
599724
599843
601250
601349
603972
608456
608712
609486
615178
616183
628230
628746
631768
635427
667022
669007
683663
687737
694976
716979
717878
719988
732204
749149
751572
763091
765548
777230
778613
798991
804196
811070
814526
815671
819351
821720
852677
859140
877652
881788
883328
887334
887913
888146
890035
891505
912097
920543
930505
932510
937164
942183
951947
955871
956800
961265
963427
964085
965633
968090
969991
970798
971489
971719
973503
973600
975884
976604
976856
977339
978353
979457
980028
980766
982380
982929
983065
983353
983685
984070
984227
985050
985431
986306
988501
988566
989308
990009
990127
993697
993792
995519
995804
996097
997044
997137
997509
997596
998205
999517
999665
1001902
1001937
1003222
1005769
1006177
1006570
1007024
1007622
1007740
1008278
1008676
1008688
1008971
1008990
1009108
1009358
1010163
1010947
1011054
1012209
1013557
1015194
1016061
1016321
1016755
1017562
1019031
1020038
1021189
1022587
1022883
1023224
1025356
1025449
1025570
1026418
1028136
1028439
1029569
1031613
1032275
1032777
1034403
1037368
1039022
1040507
1043060
1043504
1045615
1046377
1046605
1046805
1047470
1050765
1050979
1051594
1055200
1055282
1147229
1159956
1170089
1172550
1181543
1186528
1207164
1214833
1217185
1220119
1233219
1236600
1236998
1249179
1254891
1265702
1281232
1286437
1295412
1315273
1328196
1331384
1344845
1345963
1348152
1351719
1353194
1357542
1358138
1360175
1365883
1366755
1369773
1371561
1376083
1379942
1384724
1398122
1403432
1406347
1413350
1444925
1445903
1452416
1455902
1461335
1470404
1484237
1487154
1488324
1514228
1532056
1533852
1542251
1545854
1547416
1553975
1562795
1564802
1575488
1584251
1588226
1596845
1599493
1605097
1652648
1655337
1664515
1665472
1666506
1674596
1675308
1686713
1689324
1690459
1691860
1698067
1705828
1709649
1712980
1719443
1725890
1726356
1726846
1728099
1729296
1730920
1738409
1740029
1741918
1742056
1742943
1743201
1745572
1746225
1750006
1752322
1752868
1753513
1753974
1761603
1777785
1781301
1800145
1820959
1823897
1833180
1837645
1839210
1840732
1863033
1880915
1880959
1889396
1904069
1906281
1908978
1911534
1914843
1927027
1956832
1957217
1957974
1959003
1963376
1967835
1973343
1980500
1988867
1988933
1989332
1989785
1991653
1995263
1996782
2006925
2007518
2012587
2014038
2017558
2039738
2045365
2056040
2065001
2071051
2079998
2097294
2101745
2105121
2108120
2115608
2117615
2122447
2124005
2145587
2149955
2177854
2193344
2193631
2197356
2468602
2471975
2504519
2505273
2511539
2518111
2519639
2524441
2531373
2545341
2553106
2554983
2555592
2558002
2562085
2566206
2568455
2575393
2577596
2577939
2582137
2583173
2583350
2583467
2596588
2598146
2598272
2603762
2605714
2618193
2620051
2621692
2623231
2624143
2624170
2629777
2632752
2633948
2634157
2636737
2640106
2644631
2663724
2676393
2685182
2691974
2695617
2705727
2706145
2711993
2731109
2732971
2733390
2734616
2735502
2736699
2748825
2753641
2754204
2755486
2756189
2764230
2765400
2777267
2781293
2795443
2800634
2803727
2804371
2813564
2817578
2821086
2827883
2828774
2831999
2833573
2838458
2849980
2852345
2856440
2857273
2864988
2865849
2866627
2882654
2893609
2896637
2901496
2902750
2903256
2904948
2910500
2913942
2915550
2915696
2919737
2922342
2923864
2927153
2929127
2930322
2930997
2935969
2937837
2939903
2947572
2956704
2958470
2960524
2960724
2964475
2972386
2973008
2974567
2975566
2977540
2980066
2980203
2981143
2990374
2993967
2996227
2999836
3005396
3007776
3024742
3032459
3034694
3038307
3041354
3045291
3054261
3055948
3059089
3059846
3070271
3071083
3072155
3075996
3079135
3178931
3185579
3199425
3209319
3210132
3224186
3228023
3229624
3251456
3251876
3259964
3263874
3269394
3270292
3276822
3289864
3308274
3313966
3337054
3338211
3353014
3359384
3370395
3398399
3412938
3419163
3419513
3421302
3426727
3428234
3451946
3467927
3472800
3484624
3486043
3497595
3498957
3504290
3510252
3512243
3611154
3611717
3621494
3624022
3624301
3630901
3645996
3680679
3681274
3686639
3891527
3904418
3912621
3913334
3921033
3931048
3931769
3940726
3942581
3959999
4048890
4049561
4054024
4057353
4059924
4074498
4078183
4090229
4093965
4097492
4101207
4102880
4103956
4105667
4110790
4113572
4114674
4116753
4120382
4126125
4857683
4864514
4871714
4873139
4877973
4890630
4894063
4899620
4899998
4911569
4929070
4931177
4931898
4933336
4936183
4960084
4960592
4982717
4998112
5010670
5287563
5293162
5295223
5302840
5306437
5314934
5323144
5323318
5348331
5353394
5558880
5567517
5567836
5570026
5570304
5585409
5612119
5612181
5624270
5630381
5808179
5817257
5830363
5830931
5830985
5839993
5841067
5866529
5874224
5883798
5904180
5908006
5909132
5913160
5921074
5924618
5955665
5964874
5970016
5974003
5997631
6018782
6034408
6038009
6041445
6041521
6043684
6046174
6062085
6067930
6522093
6537558
6544912
6546215
6549059
6549417
6560209
6574452
6576547
6579487
6865000
6880589
6894122
6895664
6900766
6905093
6922989
6927668
6937871
6941561
8190102
8192915
8214147
8217092
8217984
8222026
8240270
8249907
8252616
8269009
8278143
8280224
8282069
8284788
8287164
8303774
8304435
8312955
8317308
8350018
8715173
8735597
8741225
8743207
8755284
8775163
8779392
8779955
8793033
8794633