63
82
202
231
243
284
391
440
493
522
533
735
769
809
828
907
1066
1123
1127
1243
1468
1514
1567
1672
1700
1781
1855
1878
1901
1976
2038
2162
2171
2186
2197
2225
2319
2357
2370
2385
2500
2505
2621
2663
2688
2703
2714
2725
2741
2810
2918
3011
3146
3221
3224
3227
3259
3284
3391
3428
3489
3512
3516
3550
3591
3631
3653
3676
3792
3793
3814
3858
3881
3928
3956
4096
4119
4143
4146
4182
4182
4189
4324
4372
4431
4461
4463
4539
4553
4601
4601
4654
4664
4737
4859
4882
4960
5008
5011
5091
5093
5131
5197
5220
5220
5350
5427
5472
5499
5538
5553
5587
5671
5725
5765
5790
5803
5955
5987
6021
6075
6135
6150
6168
6304
6379
6397
6506
6734
6802
6826
6846
6859
6885
6911
6965
7027
7032
7043
7067
7127
7231
7246
7341
7349
7361
7372
7379
7427
7564
7591
7669
7678
7719
7729
7795
7809
7835
7984
8094
8119
8169
8194
8200
8202
8228
8252
8278
8356
8377
8381
8474
8522
8533
8614
8619
8650
8688
8689
8735
8742
8761
8950
8989
8998
9047
9074
9084
9121
9162
9197
9201
9214
9222
9299
9329
9421
9436
9443
9527
9536
9647
9704
9707
9769
9927
9950
9953
10041
10167
10210
10267
10270
10369
10434
10445
10666
10745
10819
10823
10940
11026
11239
11241
11251
11347
11496
11544
11618
11671
11730
11735
11957
11982
12109
12213
12275
12290
12327
12372
12480
12485
12486
12578
12644
12797
12915
12927
12989
13042
13104
13140
13148
13156
13170
13218
13238
13376
13445
13449
13488
13522
13548
13654
13656
13694
13755
13762
13779
13786
13803
13870
13918
13958
13973
14072
14183
14190
14240
14261
14329
14340
14376
14392
14447
14505
14532
14537
14565
14573
14636
14690
14714
14751
14759
14768
14772
14828
14970
14980
14994
15000
15026
15069
15129
15151
15181
15229
15238
15268
15358
15464
15529
15580
15609
15669
15747
15798
15841
15974
16014
16028
16059
16065
16242
16285
16391
16489
16570
16602
16604
16645
16646
16727
16795
16861
16876
16930
16932
16950
17027
17027
17095
17103
17131
17185
17232
17252
17392
17456
17479
17529
17536
17689
17695
17757
17880
17932
18040
18043
18052
18082
18119
18250
18269
18357
18416
18424
18430
18619
18774
18868
18875
18892
18915
18960
18969
19050
19097
19100
19124
19190
19191
19204
19272
19280
19311
19423
19427
19535
19559
19590
19620
19665
19745
19759
19882
19915
19954
19964
20033
20108
20109
20171
20172
20187
20193
20245
20258
20318
20427
20428
20629
20631
20684
20734
20771
20776
20790
20828
20830
20924
20957
20971
21065
21214
21237
21336
21336
21391
21430
21444
21460
21499
21512
21529
21604
21658
21697
21765
21816
21941
21950
22003
22031
22072
22089
22151
22238
22331
22361
22362
22393
22395
22411
22424
22451
22463
22470
22623
22799
22904
22977
23050
23131
23208
23317
23322
23388
23405
23455
23552
23611
23629
23633
23724
23814
23824
23866
23902
24017
24089
24111
24112
24117
24143
24143
24337
24337
24343
24367
24453
24462
24591
24617
24670
24741
24749
24784
24898
24938
25065
25085
25096
25105
25158
25161
25251
25272
25275
25279
25298
25337
25393
25402
25593
25596
25626
25666
25674
25695
25701
25756
25781
25790
25850
25912
25917
25975
25976
25999
26054
26233
26284
26331
26338
26343
26384
26413
26435
26594
26714
26779
26861
26953
26990
27007
27132
27191
27205
27290
27346
27382
27450
27517
27525
27644
27659
27741
27802
27851
27856
27917
27961
27966
28103
28106
28113
28210
28227
28353
28421
28432
28528
28654
28720
28749
28837
28862
28866
28880
28944
29067
29135
29169
29176
29198
29225
29255
29325
29375
29423
29492
29683
29703
29732
29746
29762
29782
29823
29843
29897
29905
29977
30126
30139
30176
30183
30281
30335
30349
30497
30581
30588
30694
30717
30717
30828
30891
30939
31067
31080
31120
31189
31289
31386
31416
31421
31599
31632
31732
31890
31921
31935
31999
32103
32156
32167
32195
32259
32259
32441
32507
32597
32642
32725
32731
32796
32873
32886
32924
33006
33011
33137
33232
33271
33287
33311
33313
33341
33471
33509
33511
33528
33564
33566
33567
33669
33685
33703
33729
33738
33790
33904
33932
33970
34009
34015
34024
34066
34077
34080
34130
34189
34206
34209
34216
34305
34402
34403
34579
34641
34731
34762
34854
34898
34968
34990
35020
35036
35042
35076
35299
35421
35427
35442
35628
35931
35933
35978
36017
36061
36062
36080
36096
36186
36219
36231
36234
36279
36431
36506
36513
36532
36589
36646
36705
36757
36838
36878
36892
36951
36981
36989
37077
37123
37177
37181
37192
37229
37294
37322
37342
37502
37517
37536
37549
37552
37577
37681
37755
37769
37804
37823
37907
37914
37977
38024
38094
38115
38326
38405
38434
38451
38558
38608
38619
38682
38759
38776
38846
38880
38914
38932
38937
38945
39017
39062
39108
39112
39115
39164
39207
39216
39224
39227
39255
39271
39351
39421
39497
39539
39594
39649
39759
39770
39809
39849
39988
40000
40027
40047
40120
40129
40140
40201
40283
40289
40303
40387
40448
40475
40502
40539
40543
40610
40613
40624
40630
40639
40645
40694
40725
40837
40879
40886
40959
41096
41155
41189
41264
41275
41286
41418
41420
41476
41497
41520
41571
41621
41661
41675
41723
41736
41744
41773
41845
41918
42045
42079
42090
42128
42134
42153
42270
42286
42348
42381
42388
42475
42549
42558
42686
42914
42932
43045
43148
43159
43228
43272
43305
43329
43410
43500
43502
43573
43584
43624
43707
43723
43844
43861
43871
43874
43883
43893
43955
44106
44164
44189
44547
44651
44721
44732
44874
44943
44953
44968
44996
45022
45043
45061
45110
45113
45198
45315
45423
45492
45527
45764
45783
45786
45831
45854
45974
46042
46100
46126
46138
46210
46276
46277
46282
46289
46305
46459
46538
46549
46684
46750
46783
46785
46797
46800
46825
46864
46893
46928
46955
47003
47003
47009
47101
47113
47148
47151
47162
47221
47277
47300
47344
47485
47536
47579
47594
47680
47712
47734
47735
47808
47862
47959
47989
48091
48487
48562
48671
48698
48711
48741
48751
48842
48847
48984
49016
49054
49067
49079
49103
49154
49169
49226
49360
49508
49546
49586
49652
49708
49830
49880
49899
49945
50020
50177
50255
50284
50366
50367
50421
50433
50460
50497
50510
50511
50536
50561
50600
50614
50681
50693
50705
50732
50758
50899
50992
51038
51099
51114
51177
51186
51295
51320
51324
51325
51412
51524
51568
51583
51593
51599
51601
51607
51710
51746
51791
51819
51865
51892
51897
51905
51928
51928
51978
52106
52134
52142
52231
52265
52312
52328
52359
52369
52417
52419
52443
52584
52677
52722
52770
52798
52806
52832
53005
53256
53366
53439
53474
53475
53509
53531
53597
53650
53729
53744
53934
53943
53949
53971
54073
54193
54204
54233
54244
54360
54421
54449
54565
54690
54768
54809
54864
54901
54951
55005
55020
55126
55247
55373
55444
55486
55495
55536
55592
55618
55620
55647
55787
55802
55843
55864
55994
56215
56233
56274
56291
56295
56315
56340
56357
56408
56418
56462
56516
56543
56642
56660
56675
56710
56721
56791
56836
56948
56960
56994
57223
57349
57350
57382
57437
57600
57617
57654
57728
57874
57879
57894
57922
57928
57941
57965
57978
57978
58038
58069
58111
58140
58148
58164
58197
58219
58316
58370
58393
58464
58481
58483
58567
58625
58648
58659
58660
58672
58677
58692
58815
58895
58988
58996
59033
59113
59137
59168
59215
59253
59268
59313
59355
59356
59425
59561
59575
59583
59617
59659
59676
59688
59718
59875
59879
59884
59885
59900
59952
59972
60089
60110
60124
60162
60190
60205
60213
60220
60264
60368
60387
60435
60595
60641
60748
60916
60937
60942
60974
60977
60988
61059
61075
61087
61120
61159
61223
61300
61315
61350
61379
61528
61577
61584
61618
61651
61697
61813
61881
61936
62078
62085
62145
62245
62354
62355
62357
62374
62385
62415
62502
62517
62573
62600
62615
62668
62704
62785
62965
63082
63147
63152
63206
63217
63301
63317
63395
63415
63476
63499
63528
63535
63536
63569
63720
63841
63853
63884
64062
64186
64302
64321
64328
64344
64440
64468
64609
64619
64620
64627
64640
64675
64700
64784
64793
64849
64920
65047
65147
65166
65233
65242
65334
65356
65516
65548
65613
65715
65811
65866
66154
66156
66159
66185
66206
66281
66351
66352
66471
66479
66520
66581
66585
66597
66754
66769
66812
66880
66919
67061
67071
67087
67126
67178
67214
67218
67279
67291
67525
67584
67647
67681
67692
67923
67936
68208
68375
68391
68423
68523
68606
68614
68673
68786
68797
68811
68816
68868
68893
68930
69145
69148
69184
69202
69224
69225
69252
69265
69357
69374
69398
69413
69522
69538
69581
69663
69693
70318
70414
70492
70574
70748
70751
70794
70830
70957
71047
71174
71186
71221
71221
71222
71261
71431
71438
71440
71563
71572
71674
71757
71785
71826
71916
71929
72001
72020
72102
72145
72383
72477
72563
72643
72672
72696
72748
72788
72833
72834
72842
72885
72932
72939
73031
73039
73105
73118
73154
73158
73237
73256
73285
73328
73373
73409
73447
73467
73473
73495
73496
73511
73608
73726
73776
73786
73807
73809
73817
73942
73985
73992
74035
74079
74147
74148
74363
74399
74435
74479
74581
74587
74622
74731
74738
74772
74868
74906
75039
75059
75124
75158
75236
75314
75366
75437
75513
75545
75583
75663
75701
75715
75755
75768
75791
75865
75902
76055
76061
76199
76201
76342
76343
76385
76406
76506
76573
76605
76691
76709
76714
76732
76738
76834
76840
76965
76984
77058
77120
77177
77204
77264
77305
77326
77378
77391
77503
77584
77590
77594
77641
77664
77749
77839
77864
77882
77926
77950
77994
78041
78048
78093
78237
78259
78262
78265
78504
78514
78541
78591
78596
78669
78679
78696
78940
78961
79009
79045
79280
79309
79318
79358
79470
79487
79547
79602
79731
79736
79745
80000
80059
80082
80100
80179
80202
80210
80262
80371
80371
80444
80485
80533
80653
80723
80743
80818
80820
81075
81094
81095
81101
81114
81115
81271
81313
81336
81397
81474
81493
81498
81592
81656
81659
81698
81806
81869
81872
82009
82019
82062
82093
82260
82329
82373
82381
82423
82431
82441
82482
82488
82490
82499
82516
82523
82618
82638
82693
82695
82699
82766
82785
82791
82823
82855
82879
82908
82936
82952
83038
83096
83128
83238
83353
83619
83656
83660
83690
83713
83775
83782
83817
83853
84020
84086
84089
84148
84152
84159
84244
84255
84311
84366
84494
84494
84516
84563
84571
84625
84697
84703
84770
84781
84806
84839
84889
84897
84901
84925
84954
84977
85053
85076
85101
85103
85203
85290
85414
85447
85454
85512
85534
85548
85619
85644
85723
85834
85902
85928
85946
86026
86091
86094
86096
86123
86216
86277
86296
86504
86592
86674
86705
86762
86826
86847
86903
86917
86958
86968
86980
87015
87052
87444
87482
87598
87648
87682
87783
87828
87849
87864
87923
87964
92472
92553
92845
94555
99829
102405
103479
103678
103874
105094
105096
106197
107600
108014
108484
109134
110024
111072
111270
113270
116418
117940
119196
121456
122399
122509
123072
127374
127583
128973
132535
135707
136404
145756
146001
149663
150163
152263
154930
155946
156901
157290
157726
158147
158470
159348
159515
159594
160442
161431
161836
162392
163357
165752
166887
168331
168833
169833
170658
171262
172428
172527
179665
189002
195936
196866
197342
198052
198918
201937
203828
212989
223130
224708
225499
228516
229071
234416
237560
238018
238721
245388
248440
249065
252130
254031
254861
255154
257837
262777
265372
269984
280875
293799
295626
296169
296576
299060
299751
310864
335683
342512
353790
360427
367191
369506
373210
378536
378714
381133
383384
383599
390116
409067
410800
412295
419485
421361
421937
426516
427586
430512
447390
448524
450148
451985
454564
465542
471410
481953
487048
487492
494186
494970
495950
500578
505814
507911
535312
545428
545690
579083
580265
580871
584693
588663
670072
672539
774105
774569
798974
799511
896691
914101
926756
928542
970183
974461
976910
984655
989141
992879
996521
999139
1000711
1006763
1006797
1021588
1022645
1024816
1025718
1029907
1032199
1036098
1038167
1043573
1184516
1213503
1269022
1283194
1322533
1360184
1368508
1381529
1428632
1483020
1537612
1582840
1616451
1645241
1702940
1725714
1733213
1737406
1739459
1755091
1761266
1837918
1862806
1877971
1936050
1949161
1985852
1989142
2073450
2099279
2139021
2176155
2490355
2534078
2574444
2580812
2582444
2583305
2610842
2621046
2655205
2717796
2746811
2750814
2795506
2804261
2817672
2839184
2877677
2881620
2909506
2929116
2948970
2953420
2961651
2990143
2993072
2994187
3000072
3031702
3216239
3240471
3263996
3311551
3349682
3399176
3457017
3512819
3609290
3670380
3937995
3948121
4060735
4102080
4121612
4122283
4872255
4910199
4991662
5011922
5318648
5335975
5619102
5626351
5856844
5890654
5917414
5945621
6013909
6050981
6546945
6583472
6902340
6928839
8241205
8268900
8323464
8344128
8755208
8799350