4
12
56
75
84
91
93
95
114
163
217
238
241
266
310
315
374
386
394
437
444
475
481
486
505
516
518
601
608
667
721
726
735
740
752
774
781
809
813
846
850
892
905
942
956
1034
1092
1128
1192
1310
1351
1355
1363
1420
1491
1520
1533
1568
1586
1597
1672
1676
1678
1777
1789
1803
1826
1854
1903
1907
1920
1928
1984
2049
2073
2092
2109
2187
2196
2249
2280
2340
2367
2428
2497
2499
2510
2539
2544
2567
2591
2596
2636
2643
2680
2687
2727
2744
2748
2770
2776
2827
2842
2848
2908
2909
2928
2961
3015
3079
3111
3120
3170
3176
3297
3304
3353
3386
3388
3406
3432
3452
3465
3469
3492
3502
3522
3528
3549
3554
3573
3588
3611
3653
3748
3803
3914
3921
3978
4007
4013
4151
4182
4206
4248
4276
4357
4399
4422
4442
4452
4464
4528
4553
4555
4559
4584
4625
4632
4634
4638
4652
4730
4740
4742
4745
4753
4777
4814
4824
4898
4902
4958
4980
5001
5011
5103
5125
5154
5184
5187
5257
5259
5315
5362
5433
5567
5625
5656
5700
5732
5755
5763
5934
5945
5957
6036
6045
6081
6083
6126
6300
6384
6426
6430
6527
6559
6582
6606
6632
6667
6694
6714
6739
6742
6747
6759
6779
6838
6850
6889
7019
7019
7052
7136
7172
7175
7249
7293
7403
7434
7451
7526
7566
7566
7573
7575
7630
7635
7680
7685
7709
7733
7739
7775
7791
7796
7885
7887
7911
7991
8010
8019
8112
8134
8162
8197
8236
8266
8369
8462
8484
8505
8517
8522
8532
8550
8563
8587
8601
8683
8698
8755
8773
8785
8786
8822
8869
8897
8970
8972
9001
9035
9040
9090
9112
9132
9187
9194
9194
9204
9209
9252
9406
9429
9430
9470
9471
9531
9558
9583
9656
9658
9663
9668
9700
9738
9780
9793
9804
9841
9859
9889
9900
9990
10131
10197
10213
10255
10255
10268
10313
10384
10392
10404
10418
10450
10549
10553
10640
10674
10688
10689
10751
10875
10928
10938
10964
11008
11012
11055
11089
11100
11106
11141
11168
11193
11256
11342
11364
11453
11454
11512
11522
11532
11589
11632
11708
11709
11762
11804
11828
11982
11999
12092
12170
12182
12219
12245
12246
12271
12276
12320
12393
12450
12455
12486
12586
12587
12610
12754
12887
12887
12916
12964
12976
12985
12993
13012
13016
13061
13103
13104
13109
13132
13185
13201
13223
13288
13466
13469
13473
13480
13485
13549
13568
13611
13635
13661
13683
13859
13902
13916
13941
13969
13972
14012
14021
14052
14076
14219
14250
14270
14296
14413
14523
14550
14579
14594
14604
14640
14672
14760
14769
14849
14923
14928
14966
15026
15106
15112
15155
15156
15162
15192
15279
15283
15291
15296
15305
15345
15491
15549
15622
15634
15679
15738
15798
15806
15817
15842
15869
15897
15913
15952
15960
15985
16057
16072
16097
16102
16122
16193
16374
16380
16392
16502
16542
16576
16661
16665
16679
16732
16799
16815
16865
16873
16926
16942
16978
17062
17088
17129
17129
17177
17201
17207
17288
17341
17379
17437
17467
17546
17557
17579
17651
17659
17661
17706
17760
17762
17782
17822
17894
17997
18036
18037
18096
18108
18159
18180
18193
18286
18365
18370
18395
18411
18430
18496
18518
18603
18688
18700
18750
18770
18775
18800
18861
18865
18921
18961
18997
19003
19079
19125
19209
19223
19225
19267
19283
19288
19396
19397
19429
19462
19553
19601
19636
19666
19694
19761
19788
19820
19831
19884
19896
19924
20016
20038
20039
20091
20105
20143
20181
20181
20247
20248
20262
20310
20317
20359
20424
20438
20446
20542
20588
20618
20785
20797
20846
20851
20855
20889
20926
20938
21011
21049
21067
21167
21169
21173
21175
21191
21223
21276
21306
21333
21362
21404
21405
21443
21546
21559
21610
21627
21641
21663
21750
21761
21781
21821
21843
21883
21967
21984
21987
22014
22019
22054
22076
22092
22103
22117
22216
22218
22220
22225
22238
22259
22261
22388
22467
22515
22545
22569
22569
22619
22633
22666
22748
22754
22755
22762
22779
22852
22870
22940
22977
23036
23045
23080
23093
23099
23102
23181
23223
23266
23306
23319
23375
23389
23404
23427
23500
23563
23607
23636
23637
23642
23694
23739
23779
23857
23915
23919
23962
24006
24085
24154
24156
24182
24266
24272
24281
24285
24313
24356
24366
24388
24405
24416
24463
24463
24471
24485
24487
24526
24615
24645
24656
24681
24731
24735
24773
24785
24792
24795
24803
24815
24829
24830
24893
24952
24988
25014
25018
25042
25059
25068
25073
25126
25362
25467
25473
25482
25525
25627
25650
25651
25651
25662
25678
25725
25740
25789
25790
25805
25826
25862
25896
25902
25917
26005
26035
26050
26052
26069
26084
26156
26161
26263
26263
26272
26347
26371
26400
26416
26428
26453
26456
26545
26547
26600
26604
26606
26697
26744
26763
26774
26794
26833
26873
26879
26932
26948
27066
27128
27150
27163
27171
27179
27191
27201
27248
27327
27346
27350
27367
27368
27386
27426
27442
27497
27497
27538
27561
27569
27584
27625
27654
27674
27701
27910
27936
28028
28049
28049
28111
28130
28143
28173
28176
28264
28274
28293
28320
28346
28352
28359
28377
28411
28479
28490
28496
28501
28555
28570
28700
28712
28744
28828
28831
28878
28927
29056
29059
29116
29120
29168
29185
29383
29403
29435
29508
29508
29514
29520
29530
29585
29596
29642
29648
29687
29710
29732
29762
29766
29780
29782
29994
30002
30036
30050
30054
30226
30233
30251
30277
30302
30366
30367
30386
30416
30436
30460
30476
30479
30518
30540
30582
30594
30717
30723
30764
30826
30845
30896
30915
30951
30952
30964
30976
31083
31110
31131
31193
31249
31266
31287
31346
31353
31364
31370
31397
31445
31481
31485
31515
31531
31571
31578
31595
31687
31740
31775
31817
31844
31857
31875
31911
31912
31966
31975
31979
32006
32097
32129
32210
32232
32252
32256
32263
32300
32349
32363
32395
32409
32415
32452
32481
32503
32611
32644
32657
32684
32782
32792
32813
32836
32904
32920
32923
32928
33069
33079
33132
33136
33151
33229
33239
33244
33251
33257
33258
33263
33269
33270
33299
33306
33383
33433
33509
33594
33611
33630
33776
33797
33835
33866
33889
33898
33983
33985
34125
34167
34174
34207
34208
34239
34282
34297
34361
34394
34446
34480
34560
34565
34566
34609
34623
34629
34680
34732
34732
34785
34837
34846
34884
34942
34957
34963
34968
34973
34986
35124
35130
35139
35167
35271
35322
35322
35327
35362
35381
35402
35415
35461
35610
35610
35635
35726
35753
35763
35824
35874
35894
35903
36006
36010
36060
36070
36116
36151
36171
36181
36209
36234
36255
36320
36327
36335
36338
36361
36398
36429
36463
36468
36472
36478
36486
36628
36659
36664
36693
36710
36713
36737
36762
36772
36810
36848
36850
36856
36857
36860
36865
36887
36945
36988
37016
37087
37176
37206
37309
37346
37385
37414
37422
37498
37517
37548
37583
37686
37687
37734
37738
37758
37768
37810
37817
37822
37958
38064
38066
38175
38195
38196
38308
38326
38368
38372
38471
38508
38510
38515
38595
38648
38670
38676
38718
38760
38765
38795
38893
38939
38941
39092
39101
39124
39166
39177
39180
39197
39221
39291
39309
39314
39367
39388
39424
39470
39510
39549
39550
39557
39597
39615
39693
39724
39763
39767
39769
39798
39806
39829
39830
39856
39891
39894
39900
39913
39915
39981
39999
40023
40117
40154
40232
40239
40248
40259
40292
40303
40319
40324
40324
40369
40411
40449
40454
40473
40570
40587
40625
40626
40632
40636
40643
40647
40687
40743
40745
40745
40749
40771
40796
40813
40838
40940
40943
40958
40965
40971
41087
41127
41151
41242
41267
41289
41319
41414
41502
41552
41616
41631
41655
41662
41683
41684
41710
41843
41900
41907
41935
41940
41950
41951
41959
41967
41970
41978
42126
42168
42406
42409
42477
42536
42559
42590
42635
42639
42785
42806
42839
42875
42928
42950
42965
43086
43148
43234
43276
43288
43398
43409
43409
43444
43464
43492
43492
43636
43641
43648
43653
43667
43697
43717
43790
43847
43857
43870
44002
44005
44051
44095
44102
44108
44113
44160
44170
44202
44311
44321
44341
44355
44361
44367
44399
44403
44405
44418
44426
44434
44451
44484
44486
44486
44494
44495
44564
44568
44575
44593
44652
44657
44661
44739
44864
44908
44910
44960
44971
44972
44997
45006
45069
45073
45160
45193
45237
45321
45365
45437
45440
45468
45478
45568
45610
45614
45651
45654
45671
45793
45841
45846
45860
45919
45947
46012
46087
46110
46116
46188
46195
46257
46271
46284
46319
46346
46356
46457
46458
46491
46499
46512
46556
46557
46569
46590
46606
46630
46638
46734
46778
46882
46895
46938
46971
47015
47033
47048
47134
47186
47226
47231
47242
47280
47293
47305
47319
47325
47332
47345
47376
47487
47487
47499
47527
47547
47557
47567
47570
47579
47616
47652
47661
47671
47676
47715
47750
47771
47771
47870
47872
47878
47896
47925
47945
47997
48003
48003
48033
48056
48183
48235
48286
48307
48349
48373
48442
48502
48512
48521
48579
48596
48646
48700
48719
48748
48761
48804
48820
48849
48876
48901
48925
48962
48996
49104
49124
49165
49176
49280
49286
49343
49471
49477
49491
49607
49658
49712
49724
49748
49751
49797
49829
49892
49920
49972
49996
50042
50134
50163
50239
50299
50356
50386
50388
50435
50456
50461
50475
50475
50521
50555
50597
50679
50699
50767
50777
50783
50851
50875
50891
50916
50941
50990
51001
51003
51038
51075
51089
51119
51122
51181
51182
51248
51295
51362
51389
51398
51470
51533
51552
51590
51683
51734
51758
51782
51791
51826
51834
51856
51874
51929
52006
52037
52044
52065
52122
52150
52201
52233
52252
52291
52292
52315
52322
52335
52367
52392
52414
52464
52527
52569
52573
52601
52630
52728
52729
52735
52784
52812
52830
52831
52866
52886
52890
52903
52924
52934
52972
52988
52989
52992
53111
53112
53166
53200
53224
53287
53297
53426
53434
53465
53530
53618
53720
53722
53729
53749
53786
53816
54034
54077
54130
54145
54295
54302
54305
54347
54399
54431
54477
54503
54504
54511
54516
54517
54546
54553
54568
54581
54596
54627
54670
54698
54722
54843
54873
54882
54953
54958
54967
54977
54983
54984
55007
55059
55061
55066
55092
55102
55184
55211
55386
55515
55578
55591
55622
55669
55705
55714
55737
55757
55761
55785
55814
55823
55839
55849
55865
55869
55894
56073
56112
56121
56126
56145
56176
56360
56397
56433
56465
56469
56490
56569
56581
56588
56615
56630
56651
56711
56723
56751
56772
56773
56805
56839
56846
56911
56918
56962
57001
57033
57039
57077
57149
57211
57237
57249
57255
57284
57294
57301
57301
57333
57342
57377
57384
57410
57509
57557
57666
57781
57825
57837
57860
57862
57874
57888
57894
57910
57954
57982
57989
58042
58059
58064
58099
58105
58111
58154
58163
58210
58248
58261
58268
58291
58309
58323
58376
58424
58426
58453
58520
58523
58555
58601
58607
58614
58762
58793
58804
58812
58877
58943
58957
58958
58973
59009
59051
59060
59063
59083
59093
59116
59126
59140
59233
59247
59284
59289
59315
59318
59342
59396
59405
59471
59531
59576
59581
59618
59670
59678
59680
59717
59758
59799
59883
59891
59895
59935
59939
59972
60007
60052
60068
60105
60116
60166
60176
60233
60248
60253
60346
60373
60391
60440
60596
60654
60663
60665
60715
60767
60806
60828
60844
60933
60961
60980
60988
61009
61011
61028
61047
61075
61082
61099
61108
61130
61243
61286
61315
61324
61328
61339
61368
61410
61441
61462
61472
61474
61518
61544
61547
61577
61643
61681
61762
61764
61766
61773
61776
61795
61798
61812
61842
61893
61952
61992
62040
62051
62052
62104
62125
62127
62181
62207
62212
62279
62293
62299
62324
62377
62388
62388
62394
62425
62470
62538
62594
62617
62633
62684
62762
62762
62765
62827
62878
62882
62948
62956
62966
62972
62977
62979
63024
63065
63141
63147
63160
63190
63195
63200
63234
63281
63334
63345
63349
63360
63378
63461
63463
63514
63521
63560
63591
63616
63625
63642
63646
63726
63744
63768
63842
63923
63951
63985
64025
64027
64039
64050
64094
64218
64245
64297
64305
64386
64423
64432
64449
64467
64670
64791
64883
64884
64901
64926
64937
64955
65004
65015
65079
65123
65145
65184
65219
65239
65323
65329
65344
65370
65425
65426
65475
65497
65508
65551
65559
65653
65678
65678
65711
65723
65776
65786
65849
65856
65885
65886
65920
65939
66009
66014
66040
66067
66209
66269
66304
66345
66413
66416
66416
66426
66445
66464
66472
66562
66595
66614
66642
66741
66750
66780
66843
66864
66902
66902
66924
66953
66997
67034
67149
67158
67185
67288
67291
67293
67312
67365
67440
67485
67515
67530
67554
67560
67606
67642
67644
67665
67674
67675
67795
67802
67825
67863
67942
68030
68066
68082
68129
68218
68240
68244
68255
68344
68354
68388
68401
68417
68473
68484
68520
68624
68696
68736
68749
68790
68805
68806
68812
68903
68955
68962
69039
69070
69113
69182
69195
69205
69206
69227
69245
69264
69298
69308
69416
69435
69473
69498
69503
69517
69582
69600
69610
69620
69643
69729
69777
69782
69822
69883
69963
69972
70027
70089
70192
70206
70226
70268
70287
70325
70337
70360
70379
70384
70442
70539
70586
70591
70717
70736
70763
70884
70987
70989
71030
71053
71073
71097
71098
71101
71109
71117
71132
71132
71139
71176
71190
71213
71262
71292
71348
71350
71378
71382
71502
71556
71577
71581
71621
71685
71688
71699
71705
71707
71727
71784
71786
71799
71815
71957
71974
72052
72057
72139
72148
72237
72248
72260
72313
72387
72455
72498
72534
72585
72608
72631
72646
72668
72680
72731
72761
72765
72832
72850
72864
72915
72931
72979
73027
73029
73038
73134
73145
73146
73173
73203
73246
73260
73296
73329
73369
73494
73519
73520
73538
73558
73569
73650
73719
73783
73824
73907
73933
73978
74029
74031
74063
74066
74093
74179
74207
74251
74264
74271
74273
74356
74474
74478
74480
74485
74682
74708
74714
74765
74856
74875
74928
74955
75067
75072
75107
75111
75112
75203
75214
75404
75423
75430
75513
75562
75565
75573
75640
75668
75731
75799
75831
75885
75946
75980
75994
76020
76083
76107
76123
76126
76155
76196
76268
76285
76346
76355
76361
76366
76369
76379
76392
76394
76430
76591
76611
76621
76640
76644
76670
76695
76733
76741
76806
76814
76824
76842
76857
76866
76926
76949
77028
77067
77078
77121
77133
77177
77181
77200
77242
77363
77432
77520
77541
77573
77573
77590
77635
77744
77778
77804
77809
77857
77885
77914
77940
78002
78023
78053
78132
78298
78342
78346
78396
78413
78418
78467
78468
78497
78517
78529
78567
78586
78591
78623
78769
78803
78889
78934
79055
79074
79082
79172
79175
79260
79262
79282
79363
79443
79466
79498
79520
79543
79573
79652
79689
79708
79732
79743
79749
79771
79781
79787
79845
79848
79905
79906
79908
79982
80057
80134
80142
80158
80189
80256
80259
80260
80305
80330
80356
80377
80396
80405
80422
80463
80483
80576
80587
80667
80689
80709
80808
80815
80837
80861
80895
80898
81033
81054
81070
81166
81177
81200
81202
81248
81385
81389
81391
81408
81484
81531
81595
81602
81610
81625
81647
81715
81729
81827
81833
81850
81915
81953
81971
82034
82087
82148
82149
82181
82263
82298
82313
82314
82330
82338
82367
82369
82525
82589
82663
82707
82727
82739
82764
82766
82784
82840
82859
83006
83110
83115
83126
83153
83172
83180
83219
83233
83248
83250
83256
83300
83419
83481
83490
83510
83575
83594
83611
83648
83655
83719
83782
83827
83842
83858
83868
83887
83928
83938
83968
83997
84080
84144
84162
84169
84221
84307
84312
84332
84455
84467
84478
84521
84523
84547
84574
84585
84632
84643
84656
84658
84676
84737
84763
84768
84771
84782
84782
84839
84847
84871
84901
84977
85074
85077
85085
85094
85129
85130
85165
85167
85233
85246
85247
85248
85256
85524
85529
85550
85561
85573
85578
85642
85663
85734
85832
85854
85868
85893
85931
85953
85965
86014
86028
86038
86074
86077
86082
86182
86185
86228
86237
86323
86343
86355
86414
86586
86635
86666
86672
86695
86702
86711
86715
86717
86730
86753
86785
86805
86819
86836
86957
87012
87032
87057
87064
87072
87106
87134
87165
87180
87218
87219
87234
87236
87240
87291
87349
87375
87378
87412
87423
87499
87502
87505
87595
87618
87630
87639
87685
87713
87752
87770
87813
87856
87892
87952
87999
88728
89658
90124
90811
91109
91453
92248
92357
92765
93208
97134
97777
98550
99194
101744
102045
103576
105159
106499
107273
108210
109350
110705
113736
114880
115677
116071
117488
118600
119940
122274
122444
124457
125268
125912
126079
127249
127569
129022
129380
131402
131616
132015
133007
133257
134517
135415
135493
135513
137756
139627
140879
140900
141508
142523
142712
143175
143783
143804
144297
144376
144415
145923
148443
150974
151247
151815
152134
152546
153771
154127
154425
158183
158496
161445
161527
162002
162625
162780
164380
164773
165932
166117
168186
171421
172725
173989
174052
174094
174805
175141
175720
175760
177242
180069
181981
182055
184106
185173
189003
191957
193407
193836
195579
197283
197878
197881
202586
206365
210942
217456
219750
220134
220181
224066
224540
225370
226497
230349
231734
231834
232425
233936
235183
237129
242255
242710
249767
250958
251891
254235
255718
259348
262296
262657
264527
276269
276781
276814
286168
301608
305813
308357
316312
316494
317246
322685
324728
325661
325744
326548
331480
333094
356869
357090
368526
368896
369293
371725
372327
375465
377591
378205
379353
379821
380193
381544
383061
387222
392380
392627
401719
402012
406794
407837
411759
417153
424694
424979
428789
436414
437821
439189
440455
441265
445873
446722
450379
452691
456488
458961
459535
463083
479318
485298
485316
485725
488320
497797
499456
505414
505913
515508
517714
518219
519455
521368
529455
535244
547530
549334
551322
577147
583636
596096
598297
602251
613206
613459
627922
671876
703300
721725
727318
741445
792903
809937
829363
883525
888666
907959
914735
919285
936614
970577
970924
972279
972673
983221
985791
986472
987051
987685
992658
1002022
1004239
1006705
1010377
1011956
1014435
1017071
1018599
1019243
1019478
1022771
1026708
1030426
1034889
1035721
1045980
1046013
1047107
1050278
1051727
1156227
1199733
1213094
1273884
1279505
1296742
1322659
1323113
1337915
1338365
1341754
1406453
1450223
1456373
1484488
1503158
1515691
1541027
1596157
1619892
1667817
1675384
1680028
1689365
1701842
1713316
1720005
1728973
1736482
1739783
1779311
1831970
1839640
1875575
1916262
1935972
1936977
1948923
1960868
1970317
2017443
2017685
2058214
2091795
2095653
2126724
2173312
2187276
2487642
2498116
2542251
2598518
2599426
2602724
2606330
2610067
2613539
2616127
2618644
2637267
2640787
2702276
2704057
2760608
2786243
2797320
2809386
2810478
2815515
2851237
2854303
2864100
2877730
2898204
2899362
2916615
2918148
2933190
2946122
2954064
2965139
2972524
2982265
2988093
3016063
3019348
3025069
3055382
3056087
3058694
3171913
3187597
3194209
3284419
3302599
3304781
3350426
3367198
3371854
3472034
3494550
3506742
3653150
3681099
3688847
3881975
3896127
3932602
4063826
4073216
4111630
4118958
4123742
4130638
4888166
4913927
4920601
4973800
4994990
5013462
5305364
5335461
5358623
5572207
5589240
5627623
5812054
5833844
5867317
5921640
5951391
5976476
6014444
6037635
6070027
6530848
6556543
6568525
6892677
6899873
6907705
8185884
8251497
8261265
8295761
8305601
8347213
8751701
8753521
8771717