10
20
35
43
52
84
103
132
162
231
236
239
283
299
320
347
370
376
381
406
408
431
440
458
473
482
486
496
501
516
529
567
572
597
607
614
645
693
702
715
728
731
745
749
761
768
774
781
790
821
834
868
882
907
912
922
925
935
959
966
984
1011
1018
1063
1087
1116
1125
1128
1150
1155
1160
1195
1212
1213
1217
1222
1238
1245
1257
1318
1319
1357
1364
1364
1388
1392
1392
1423
1435
1448
1461
1468
1479
1500
1501
1510
1519
1531
1546
1555
1576
1597
1616
1632
1668
1710
1715
1740
1753
1760
1761
1763
1796
1828
1834
1853
1895
1901
1911
1919
1937
1937
1955
1973
1993
1996
1997
2002
2007
2012
2020
2034
2035
2039
2051
2052
2062
2111
2142
2145
2149
2151
2154
2158
2174
2182
2187
2202
2217
2230
2306
2309
2340
2344
2363
2380
2382
2442
2472
2475
2490
2494
2520
2527
2527
2531
2537
2543
2543
2548
2583
2584
2589
2600
2619
2650
2675
2683
2685
2694
2699
2705
2713
2730
2756
2777
2781
2795
2804
2821
2834
2882
2889
2916
2927
2928
2929
2949
2958
2965
2970
2977
2998
3002
3021
3029
3037
3056
3062
3067
3073
3077
3078
3100
3142
3148
3157
3176
3184
3198
3207
3249
3256
3256
3281
3290
3294
3322
3369
3371
3380
3381
3384
3388
3418
3422
3446
3464
3479
3481
3487
3488
3489
3539
3563
3575
3597
3615
3624
3634
3637
3664
3667
3678
3684
3702
3707
3708
3732
3734
3760
3781
3790
3807
3852
3869
3873
3889
3920
3953
3991
4003
4012
4029
4030
4046
4070
4070
4098
4109
4139
4153
4166
4173
4175
4211
4226
4258
4272
4294
4302
4318
4326
4343
4360
4370
4374
4382
4398
4439
4441
4444
4445
4446
4452
4458
4480
4494
4530
4545
4571
4572
4664
4679
4686
4727
4730
4735
4763
4770
4843
4844
4850
4864
4880
4881
4882
4885
4909
4917
4935
4938
4967
4972
4986
5003
5049
5050
5050
5060
5069
5097
5113
5118
5120
5133
5157
5179
5198
5201
5210
5281
5285
5295
5322
5337
5337
5344
5357
5388
5436
5459
5475
5487
5496
5519
5544
5591
5617
5623
5623
5630
5633
5662
5663
5665
5671
5684
5698
5711
5713
5746
5762
5770
5772
5774
5799
5817
5821
5826
5837
5843
5856
5866
5873
5875
5881
5887
5908
5927
5943
5945
5945
5984
5989
5995
6009
6028
6100
6117
6121
6123
6127
6137
6169
6179
6185
6203
6212
6214
6230
6238
6253
6279
6322
6326
6345
6385
6401
6410
6416
6416
6436
6439
6443
6444
6445
6472
6494
6524
6530
6553
6556
6594
6597
6610
6626
6628
6640
6664
6678
6680
6690
6701
6706
6747
6763
6770
6780
6796
6803
6818
6862
6863
6873
6898
6942
6942
6946
6972
6984
6995
7050
7057
7064
7068
7081
7221
7229
7230
7244
7265
7277
7297
7308
7313
7329
7342
7360
7368
7388
7402
7408
7416
7444
7458
7468
7485
7509
7510
7543
7548
7549
7555
7565
7569
7605
7652
7660
7667
7668
7681
7697
7715
7723
7736
7780
7788
7797
7829
7867
7868
7869
7884
7892
7892
7893
7933
7937
7939
7947
7975
7988
7995
8029
8030
8052
8061
8067
8075
8076
8082
8087
8091
8108
8145
8149
8157
8171
8180
8193
8194
8226
8236
8246
8254
8268
8268
8279
8290
8301
8309
8327
8334
8339
8340
8382
8383
8396
8437
8447
8456
8462
8488
8490
8503
8521
8548
8555
8560
8569
8570
8578
8580
8593
8597
8614
8620
8621
8627
8629
8657
8661
8668
8676
8676
8685
8686
8699
8719
8731
8745
8759
8759
8761
8770
8795
8804
8847
8847
8889
8893
8899
8920
8943
8947
8961
8963
8999
9008
9040
9067
9112
9113
9137
9138
9147
9171
9181
9184
9192
9195
9201
9219
9223
9235
9240
9246
9247
9253
9274
9278
9284
9303
9319
9320
9330
9352
9352
9362
9421
9434
9439
9473
9478
9484
9488
9492
9500
9523
9537
9540
9547
9573
9595
9603
9620
9630
9637
9643
9664
9667
9686
9690
9691
9726
9728
9737
9739
9745
9765
9768
9800
9823
9829
9834
9835
9843
9851
9861
9864
9894
9895
9917
9926
9931
9934
9962
9970
9983
10022
10024
10026
10042
10046
10055
10060
10062
10080
10121
10122
10138
10140
10152
10156
10170
10199
10210
10219
10300
10339
10364
10381
10414
10436
10441
10445
10455
10475
10489
10510
10545
10582
10604
10613
10627
10653
10658
10662
10672
10684
10684
10737
10762
10762
10804
10825
10828
10850
10869
10890
10916
10917
10933
10960
10996
11022
11038
11044
11053
11102
11105
11119
11120
11124
11128
11142
11151
11162
11170
11199
11204
11236
11248
11249
11301
11306
11329
11349
11353
11378
11386
11400
11407
11412
11424
11425
11433
11434
11438
11443
11445
11461
11480
11503
11534
11540
11541
11623
11630
11633
11638
11677
11683
11732
11743
11745
11791
11796
11799
11809
11823
11830
11834
11838
11847
11913
11928
11944
11952
11969
11998
12001
12035
12043
12045
12058
12093
12103
12152
12190
12205
12251
12282
12303
12319
12321
12328
12336
12342
12349
12352
12366
12367
12403
12406
12424
12444
12458
12463
12481
12491
12516
12527
12538
12545
12545
12560
12602
12631
12633
12634
12646
12654
12667
12680
12688
12694
12707
12708
12799
12815
12818
12827
12891
12907
12920
12959
12976
12984
12986
12993
12996
13012
13041
13054
13055
13076
13077
13078
13087
13105
13135
13149
13150
13188
13245
13260
13261
13274
13287
13332
13341
13358
13358
13373
13382
13399
13419
13427
13435
13452
13480
13488
13513
13520
13530
13550
13559
13565
13575
13592
13592
13603
13608
13616
13640
13652
13663
13672
13674
13676
13680
13689
13720
13781
13829
13834
13861
13861
13864
13910
13923
13951
13954
13958
13969
13980
14011
14020
14050
14052
14055
14055
14106
14154
14183
14191
14191
14192
14233
14235
14262
14275
14281
14285
14288
14353
14378
14386
14442
14467
14470
14471
14508
14514
14523
14530
14555
14568
14588
14589
14597
14604
14604
14655
14712
14719
14732
14739
14754
14769
14769
14775
14780
14783
14784
14788
14792
14811
14831
14847
14883
14894
14916
14917
14932
14934
14954
14967
14975
14978
14985
15015
15020
15023
15039
15041
15049
15051
15053
15072
15111
15134
15143
15199
15205
15211
15239
15247
15255
15284
15297
15304
15313
15317
15329
15330
15362
15363
15384
15405
15464
15469
15483
15496
15505
15527
15530
15533
15549
15551
15587
15589
15591
15611
15615
15621
15626
15653
15718
15727
15732
15737
15762
15766
15784
15787
15788
15796
15809
15810
15825
15838
15841
15844
15848
15878
15879
15983
16025
16057
16086
16089
16105
16127
16131
16137
16200
16200
16205
16211
16224
16242
16253
16271
16275
16276
16289
16330
16331
16332
16349
16350
16369
16407
16417
16425
16436
16453
16456
16470
16482
16506
16513
16527
16549
16579
16580
16584
16592
16597
16600
16608
16628
16644
16647
16656
16663
16706
16739
16746
16767
16771
16772
16779
16801
16806
16813
16870
16872
16885
16909
16924
16960
16967
16968
16998
17039
17045
17045
17045
17097
17155
17165
17167
17179
17186
17193
17199
17233
17238
17240
17240
17241
17247
17259
17267
17291
17296
17299
17347
17348
17354
17359
17370
17386
17433
17438
17441
17459
17464
17466
17467
17472
17491
17562
17565
17581
17602
17604
17605
17634
17645
17660
17681
17701
17704
17710
17724
17738
17782
17789
17798
17799
17807
17815
17817
17823
17849
17856
17864
17867
17867
17888
17903
17906
17936
17937
17938
17938
17964
17984
17988
17990
18003
18009
18031
18042
18049
18052
18083
18087
18106
18114
18118
18144
18154
18173
18197
18198
18203
18220
18242
18265
18283
18290
18296
18303
18328
18343
18344
18347
18356
18381
18394
18395
18404
18418
18432
18461
18495
18510
18524
18525
18546
18547
18554
18557
18582
18584
18606
18653
18670
18693
18714
18722
18729
18751
18756
18759
18773
18815
18888
18892
18914
18925
18927
18954
18955
18961
18961
18996
19045
19054
19058
19062
19079
19089
19094
19105
19113
19137
19138
19140
19141
19143
19153
19182
19189
19221
19228
19296
19306
19318
19320
19336
19363
19365
19374
19382
19389
19400
19448
19470
19474
19480
19488
19492
19521
19523
19538
19545
19585
19590
19598
19647
19647
19668
19695
19715
19727
19728
19735
19741
19744
19769
19801
19814
19820
19827
19828
19830
19833
19863
19939
19953
19976
19994
20023
20025
20038
20055
20095
20102
20105
20106
20114
20132
20141
20141
20145
20146
20154
20181
20181
20202
20266
20276
20301
20301
20336
20349
20381
20390
20396
20456
20460
20471
20514
20526
20537
20545
20552
20553
20553
20571
20601
20607
20624
20636
20673
20699
20704
20715
20738
20757
20811
20819
20881
20918
20918
20919
20919
20920
20941
21025
21042
21080
21080
21091
21108
21133
21134
21149
21161
21161
21173
21174
21215
21216
21235
21255
21257
21264
21264
21270
21271
21276
21280
21283
21283
21330
21331
21332
21349
21366
21415
21417
21469
21476
21488
21509
21526
21530
21556
21564
21570
21575
21583
21598
21598
21654
21658
21660
21665
21676
21682
21683
21697
21703
21710
21724
21734
21741
21744
21754
21760
21777
21809
21818
21821
21877
21885
21904
21918
21923
21935
21958
22027
22039
22052
22053
22073
22091
22115
22139
22141
22162
22166
22177
22218
22243
22252
22261
22271
22271
22280
22296
22300
22306
22331
22359
22360
22368
22372
22389
22393
22400
22406
22420
22459
22473
22477
22510
22523
22558
22584
22588
22594
22618
22647
22656
22666
22686
22700
22735
22762
22763
22778
22782
22790
22810
22818
22854
22858
22859
22865
22879
22883
22884
22885
22890
22895
22900
22914
22915
22917
22920
22942
22942
22952
22962
22965
22972
23014
23073
23090
23097
23121
23185
23223
23229
23239
23242
23243
23246
23258
23269
23282
23289
23306
23311
23315
23325
23332
23344
23350
23382
23394
23411
23459
23463
23464
23470
23491
23496
23520
23535
23561
23575
23589
23591
23596
23615
23624
23659
23664
23680
23685
23693
23704
23731
23768
23793
23828
23851
23872
23907
23924
23958
23963
23989
23991
24007
24035
24038
24045
24074
24081
24082
24107
24130
24145
24150
24151
24163
24167
24199
24207
24246
24268
24274
24303
24319
24365
24396
24397
24404
24428
24475
24475
24487
24488
24529
24548
24560
24585
24605
24613
24624
24656
24669
24669
24680
24700
24706
24732
24739
24745
24778
24801
24837
24850
24859
24859
24904
24969
24975
24997
25000
25032
25041
25047
25051
25068
25075
25076
25089
25124
25128
25139
25146
25148
25198
25198
25211
25215
25217
25223
25223
25226
25228
25280
25281
25337
25340
25359
25359
25384
25396
25411
25437
25452
25453
25471
25487
25503
25514
25521
25524
25537
25546
25548
25553
25554
25561
25563
25564
25574
25595
25607
25611
25625
25625
25628
25635
25645
25662
25663
25664
25701
25707
25708
25728
25751
25756
25761
25786
25787
25790
25799
25800
25803
25809
25856
25881
25890
25895
25924
25963
25978
25998
26081
26097
26106
26123
26143
26148
26155
26158
26170
26188
26188
26188
26208
26213
26240
26254
26255
26278
26317
26323
26353
26369
26434
26448
26463
26480
26541
26602
26608
26608
26611
26621
26623
26627
26667
26669
26695
26700
26711
26713
26722
26746
26753
26754
26766
26777
26796
26836
26867
26876
26940
26956
27009
27028
27030
27038
27046
27054
27057
27075
27090
27105
27111
27120
27120
27136
27139
27144
27162
27167
27184
27200
27227
27243
27290
27294
27305
27325
27329
27332
27351
27373
27376
27377
27379
27389
27413
27414
27432
27432
27488
27510
27515
27537
27559
27560
27560
27568
27578
27581
27592
27600
27623
27626
27629
27634
27660
27662
27662
27696
27697
27790
27792
27804
27823
27832
27845
27859
27864
27868
27919
27940
27978
27993
27994
27997
28000
28010
28028
28041
28070
28081
28115
28121
28154
28166
28166
28171
28200
28202
28205
28225
28253
28282
28282
28283
28291
28303
28316
28327
28345
28369
28379
28400
28410
28424
28497
28509
28514
28534
28534
28537
28564
28592
28592
28600
28603
28606
28611
28632
28644
28682
28747
28754
28779
28839
28852
28863
28867
28872
28941
28960
28961
28964
28988
28995
28997
28997
29002
29034
29035
29037
29039
29041
29046
29057
29075
29078
29080
29092
29111
29126
29127
29150
29150
29154
29159
29178
29179
29201
29221
29226
29232
29240
29264
29272
29334
29361
29365
29384
29393
29397
29404
29414
29439
29450
29454
29455
29461
29484
29540
29541
29548
29554
29560
29568
29585
29592
29611
29617
29629
29639
29641
29713
29721
29726
29734
29743
29749
29762
29773
29774
29802
29810
29841
29842
29857
29872
29885
29948
29971
29984
29998
30003
30006
30016
30024
30029
30040
30049
30052
30102
30124
30126
30173
30175
30176
30185
30189
30231
30248
30248
30266
30279
30287
30296
30298
30310
30316
30375
30387
30392
30411
30424
30426
30464
30470
30492
30540
30557
30557
30562
30584
30590
30592
30617
30636
30672
30689
30718
30727
30741
30760
30765
30788
30795
30797
30800
30806
30811
30815
30831
30855
30880
30897
30904
30913
30916
30937
30938
30966
31005
31029
31039
31046
31057
31068
31081
31124
31131
31134
31147
31164
31166
31170
31187
31199
31213
31215
31220
31249
31272
31288
31293
31330
31341
31342
31345
31408
31421
31469
31476
31504
31527
31537
31549
31557
31571
31575
31584
31591
31608
31637
31641
31649
31659
31687
31687
31695
31709
31709
31718
31719
31721
31726
31736
31737
31741
31742
31765
31772
31784
31802
31805
31827
31848
31862
31885
31922
31923
31948
31973
31979
31982
32000
32003
32011
32065
32086
32095
32100
32141
32153
32166
32178
32180
32181
32190
32194
32194
32227
32237
32264
32264
32273
32284
32306
32339
32367
32415
32415
32421
32441
32449
32481
32484
32486
32520
32520
32532
32538
32568
32573
32587
32595
32631
32648
32653
32661
32677
32692
32693
32708
32726
32765
32769
32772
32797
32801
32804
32839
32858
32887
32896
32901
32910
32919
32981
32993
32997
33006
33027
33039
33069
33074
33079
33083
33084
33086
33152
33164
33242
33251
33256
33265
33282
33296
33308
33318
33326
33389
33393
33402
33410
33420
33438
33485
33490
33504
33510
33513
33527
33538
33545
33570
33603
33625
33647
33659
33700
33717
33719
33737
33754
33765
33809
33837
33878
33916
33918
33924
33934
33952
33954
33966
33982
33998
34008
34010
34011
34016
34020
34049
34062
34063
34070
34079
34085
34090
34094
34131
34132
34145
34165
34165
34183
34202
34204
34227
34245
34270
34277
34282
34301
34302
34332
34368
34374
34396
34397
34409
34411
34416
34424
34427
34434
34437
34452
34453
34504
34523
34524
34528
34536
34546
34557
34565
34579
34586
34586
34617
34620
34622
34635
34648
34675
34684
34789
34817
34826
34836
34849
34860
34870
34891
34893
34911
34912
34917
34934
34935
34943
34944
34955
34979
34979
34984
35024
35029
35040
35042
35042
35044
35058
35059
35065
35076
35078
35084
35127
35150
35166
35181
35187
35211
35212
35217
35227
35230
35281
35295
35297
35321
35385
35433
35436
35437
35438
35444
35452
35458
35461
35478
35490
35534
35548
35553
35570
35571
35584
35613
35645
35660
35667
35672
35673
35676
35699
35704
35712
35712
35751
35755
35777
35793
35798
35817
35862
35886
35899
35918
35924
35926
35931
35951
35951
35965
35970
35980
35981
36015
36016
36031
36036
36050
36091
36097
36117
36126
36127
36145
36169
36174
36177
36183
36192
36221
36261
36278
36289
36326
36355
36369
36391
36393
36404
36405
36428
36432
36435
36465
36480
36481
36487
36516
36528
36538
36578
36582
36584
36612
36613
36624
36657
36710
36723
36748
36756
36780
36784
36798
36824
36827
36830
36838
36838
36876
36895
36914
36917
36937
36955
36956
36969
36983
36985
36994
36994
37038
37045
37055
37072
37086
37086
37107
37126
37138
37141
37181
37186
37190
37207
37212
37282
37286
37309
37310
37328
37337
37348
37349
37353
37368
37368
37396
37410
37424
37435
37441
37460
37475
37477
37508
37528
37544
37548
37550
37553
37554
37589
37607
37608
37615
37616
37622
37655
37661
37667
37695
37716
37721
37726
37736
37761
37823
37835
37841
37865
37866
37930
37960
37971
37986
38003
38010
38010
38012
38014
38077
38080
38083
38107
38125
38131
38139
38143
38163
38179
38214
38250
38311
38325
38333
38342
38376
38389
38400
38411
38437
38460
38480
38482
38486
38492
38504
38533
38534
38537
38542
38551
38573
38586
38587
38592
38619
38630
38667
38682
38687
38710
38720
38727
38754
38755
38769
38801
38833
38847
38849
38856
38865
38878
38879
38887
38896
38902
38921
38927
38941
38983
38994
39007
39010
39025
39033
39043
39046
39051
39086
39099
39105
39111
39143
39159
39162
39165
39166
39201
39218
39229
39230
39248
39252
39269
39311
39352
39355
39411
39413
39423
39440
39457
39465
39490
39497
39497
39511
39542
39544
39569
39590
39624
39633
39638
39642
39643
39668
39681
39697
39703
39718
39721
39722
39774
39781
39786
39800
39841
39877
39888
39933
39945
39949
39964
39965
39966
39974
39979
39983
39996
40025
40032
40044
40053
40058
40094
40128
40137
40142
40196
40198
40210
40220
40229
40258
40262
40281
40298
40300
40302
40340
40345
40358
40382
40384
40385
40392
40453
40454
40467
40500
40513
40522
40526
40530
40541
40548
40551
40583
40587
40602
40610
40615
40632
40657
40661
40696
40719
40733
40764
40765
40770
40783
40802
40850
40895
40901
40906
40925
40929
40930
41023
41044
41052
41059
41068
41083
41110
41110
41115
41120
41158
41180
41222
41223
41232
41242
41261
41264
41275
41345
41350
41366
41374
41385
41386
41393
41398
41408
41419
41421
41432
41433
41458
41459
41470
41486
41486
41488
41511
41539
41551
41551
41556
41564
41587
41587
41600
41654
41660
41674
41689
41692
41699
41699
41711
41732
41752
41755
41770
41781
41811
41907
41909
41936
41943
41977
41980
41981
42014
42045
42054
42093
42103
42109
42147
42159
42199
42201
42246
42260
42269
42272
42285
42287
42292
42299
42308
42328
42351
42352
42366
42390
42398
42441
42449
42461
42464
42479
42501
42514
42551
42567
42570
42579
42580
42582
42583
42602
42602
42621
42633
42641
42646
42677
42690
42705
42712
42742
42742
42747
42749
42752
42765
42778
42779
42801
42803
42860
42870
42886
42891
42898
42907
42926
42929
42930
42931
42935
42936
42944
42992
43004
43005
43013
43013
43039
43061
43084
43111
43136
43143
43146
43178
43181
43232
43239
43251
43289
43295
43328
43339
43362
43399
43450
43456
43461
43463
43489
43515
43515
43543
43565
43567
43570
43574
43581
43622
43676
43693
43702
43715
43722
43723
43745
43746
43749
43754
43777
43833
43874
43876
43894
43895
43900
43900
43915
43921
43925
43944
43949
43950
43995
44021
44042
44060
44061
44067
44075
44088
44112
44127
44135
44160
44173
44181
44206
44209
44218
44222
44301
44319
44328
44384
44387
44392
44399
44404
44422
44424
44458
44461
44466
44470
44536
44544
44565
44568
44604
44612
44622
44641
44646
44647
44662
44689
44710
44711
44713
44737
44739
44744
44756
44758
44763
44819
44844
44852
44854
44883
44886
44975
44997
45001
45005
45013
45028
45029
45043
45048
45052
45055
45068
45095
45103
45138
45180
45188
45231
45235
45272
45275
45302
45350
45351
45357
45361
45391
45437
45451
45465
45479
45482
45508
45511
45520
45541
45561
45565
45600
45607
45617
45625
45629
45639
45639
45649
45703
45717
45734
45735
45738
45761
45782
45795
45801
45802
45807
45850
45852
45879
45889
45894
45926
45948
45980
45994
45999
46005
46019
46030
46033
46036
46042
46050
46069
46141
46143
46155
46187
46208
46234
46245
46251
46257
46267
46274
46296
46322
46324
46324
46333
46368
46406
46407
46431
46455
46463
46464
46470
46487
46514
46514
46537
46556
46560
46574
46577
46579
46583
46596
46619
46655
46655
46692
46693
46694
46732
46754
46756
46769
46770
46796
46797
46799
46802
46819
46820
46821
46829
46843
46850
46852
46872
46877
46925
46928
46937
46944
46946
46950
46994
46995
46995
47010
47031
47040
47101
47107
47114
47142
47143
47157
47160
47173
47175
47177
47178
47194
47196
47214
47218
47252
47259
47261
47280
47301
47350
47372
47384
47386
47393
47450
47451
47452
47469
47473
47480
47500
47500
47503
47508
47546
47552
47564
47577
47585
47615
47672
47686
47689
47706
47708
47720
47729
47764
47767
47778
47779
47793
47795
47803
47858
47872
47880
47891
47899
47902
47927
47947
47947
47947
47950
47953
47964
47988
47992
47992
48062
48075
48084
48093
48101
48106
48124
48126
48152
48162
48170
48195
48196
48199
48203
48218
48219
48233
48239
48259
48279
48302
48312
48320
48357
48370
48376
48376
48413
48420
48434
48458
48465
48471
48505
48540
48546
48569
48578
48581
48586
48639
48655
48678
48679
48684
48687
48712
48746
48756
48760
48785
48803
48834
48845
48889
48890
48893
48896
48910
48911
48912
48932
48947
48958
48968
48968
48972
49004
49034
49049
49085
49091
49097
49128
49169
49184
49190
49215
49216
49240
49253
49260
49265
49294
49301
49308
49308
49342
49350
49356
49365
49367
49368
49426
49432
49492
49505
49513
49530
49531
49544
49553
49589
49627
49632
49665
49667
49668
49688
49702
49706
49731
49733
49812
49815
49840
49862
49880
49909
49936
49939
49951
49965
49980
49988
49991
50020
50079
50084
50085
50105
50109
50109
50117
50129
50149
50183
50205
50220
50245
50269
50287
50287
50300
50306
50332
50338
50360
50396
50427
50428
50429
50436
50438
50446
50490
50490
50552
50556
50558
50559
50562
50595
50612
50618
50618
50625
50649
50672
50700
50718
50718
50719
50767
50802
50815
50818
50834
50851
50858
50863
50895
50898
50902
50910
50948
50953
50987
51003
51007
51021
51070
51072
51083
51083
51091
51105
51130
51142
51148
51170
51188
51193
51195
51216
51222
51253
51272
51284
51322
51324
51337
51374
51380
51410
51422
51427
51434
51442
51447
51449
51479
51504
51506
51513
51519
51528
51546
51551
51592
51624
51630
51638
51648
51676
51682
51682
51683
51684
51733
51734
51762
51768
51772
51778
51790
51796
51806
51809
51816
51834
51838
51850
51851
51852
51877
51891
51894
51898
51902
51909
51926
51927
51932
51963
51966
51969
51984
51988
51990
51990
52009
52024
52039
52040
52041
52046
52062
52065
52079
52083
52092
52178
52206
52231
52238
52251
52261
52271
52274
52278
52296
52299
52327
52330
52333
52344
52372
52376
52387
52390
52395
52407
52490
52495
52497
52517
52551
52553
52558
52567
52636
52643
52647
52673
52707
52714
52747
52779
52795
52796
52831
52882
52883
52887
52899
52902
52904
52913
52915
52921
52937
52944
52968
52972
52975
52975
52977
52981
52997
53066
53073
53084
53086
53120
53120
53136
53148
53156
53179
53181
53185
53196
53204
53204
53213
53217
53227
53243
53255
53275
53277
53277
53281
53302
53315
53327
53360
53362
53387
53408
53409
53411
53420
53428
53436
53444
53445
53446
53483
53499
53513
53527
53545
53549
53558
53561
53566
53582
53590
53592
53596
53606
53656
53669
53683
53683
53700
53705
53705
53720
53721
53749
53749
53751
53772
53778
53790
53796
53796
53810
53840
53842
53857
53857
53862
53897
53920
53934
53949
53954
53955
53958
53962
53972
54024
54057
54058
54067
54074
54087
54100
54133
54156
54158
54160
54197
54203
54216
54234
54250
54313
54327
54333
54337
54338
54353
54365
54398
54409
54415
54427
54434
54435
54439
54449
54466
54479
54543
54545
54564
54565
54599
54613
54627
54666
54675
54723
54724
54789
54791
54836
54847
54853
54915
54952
54956
54963
54990
55000
55003
55012
55033
55037
55054
55061
55063
55098
55098
55098
55107
55119
55139
55167
55202
55203
55207
55228
55231
55238
55264
55265
55281
55338
55348
55353
55371
55439
55467
55470
55483
55486
55496
55516
55534
55563
55568
55577
55588
55638
55667
55698
55701
55707
55708
55724
55761
55772
55795
55796
55837
55907
55908
55948
55969
55970
55971
55971
55974
55978
55994
56014
56021
56030
56041
56079
56118
56129
56130
56143
56166
56196
56203
56214
56229
56234
56243
56247
56265
56274
56294
56297
56298
56312
56331
56350
56405
56411
56414
56433
56449
56450
56451
56469
56491
56496
56511
56517
56540
56544
56566
56569
56587
56587
56589
56598
56606
56608
56613
56625
56647
56667
56701
56726
56747
56760
56764
56770
56789
56829
56855
56864
56902
56902
56904
56945
56952
56962
56973
56998
57002
57006
57006
57017
57029
57032
57053
57092
57096
57097
57098
57115
57117
57121
57138
57168
57190
57198
57203
57221
57271
57272
57280
57281
57285
57313
57334
57362
57363
57378
57378
57380
57412
57416
57438
57449
57468
57481
57535
57562
57567
57568
57578
57578
57584
57599
57615
57629
57633
57633
57721
57752
57758
57772
57780
57789
57800
57806
57822
57825
57832
57832
57861
57873
57877
57888
57914
57915
57924
57956
57970
58008
58017
58018
58030
58038
58049
58059
58059
58077
58079
58104
58118
58123
58126
58134
58140
58143
58151
58165
58174
58204
58217
58240
58257
58264
58275
58280
58317
58325
58328
58328
58335
58347
58353
58366
58370
58375
58379
58383
58392
58422
58453
58471
58481
58492
58503
58527
58550
58556
58558
58558
58576
58595
58615
58627
58636
58679
58679
58696
58712
58775
58780
58791
58797
58810
58818
58820
58829
58833
58838
58847
58878
58885
58958
58983
58985
59054
59061
59093
59134
59157
59164
59179
59219
59222
59238
59273
59309
59381
59440
59444
59447
59448
59471
59502
59515
59516
59525
59562
59582
59587
59592
59600
59611
59619
59636
59684
59692
59713
59728
59737
59778
59780
59782
59790
59793
59798
59802
59809
59825
59832
59840
59842
59849
59864
59897
59908
59913
59937
59939
59947
59952
59975
59976
59981
59987
60017
60020
60022
60035
60036
60059
60074
60136
60141
60149
60153
60177
60182
60200
60208
60214
60217
60229
60243
60252
60264
60265
60309
60322
60339
60343
60347
60347
60375
60386
60406
60418
60431
60437
60460
60461
60466
60497
60515
60522
60549
60581
60582
60592
60616
60618
60623
60628
60642
60674
60678
60696
60707
60708
60749
60752
60793
60812
60816
60841
60882
60886
60893
60919
60923
60949
61034
61045
61054
61062
61064
61071
61072
61086
61086
61113
61134
61140
61154
61170
61174
61214
61214
61240
61246
61246
61284
61304
61307
61319
61367
61373
61404
61406
61418
61421
61428
61445
61456
61489
61492
61501
61506
61530
61531
61542
61550
61584
61612
61615
61617
61629
61643
61643
61652
61669
61695
61705
61726
61732
61743
61747
61753
61774
61792
61799
61823
61824
61830
61846
61851
61857
61865
61869
61872
61873
61874
61876
61942
61944
61962
61964
61971
61973
61974
62026
62037
62046
62050
62054
62063
62095
62113
62115
62115
62134
62138
62150
62151
62212
62215
62220
62223
62234
62240
62250
62260
62300
62301
62315
62317
62326
62342
62350
62351
62363
62398
62402
62423
62433
62456
62486
62509
62516
62536
62539
62545
62548
62556
62563
62565
62598
62632
62637
62642
62666
62669
62674
62678
62725
62732
62746
62823
62847
62870
62871
62873
62886
62888
62906
62911
62927
62936
62963
62985
62988
62988
63023
63032
63068
63085
63102
63108
63108
63123
63129
63146
63170
63200
63249
63276
63281
63289
63289
63300
63303
63308
63322
63326
63349
63408
63417
63420
63449
63453
63456
63490
63504
63515
63533
63566
63574
63586
63615
63638
63641
63642
63646
63657
63687
63707
63723
63731
63756
63778
63813
63825
63849
63885
63892
63893
63897
63951
63981
64018
64028
64039
64076
64096
64099
64106
64111
64126
64132
64160
64185
64223
64251
64276
64280
64281
64292
64306
64334
64346
64361
64371
64373
64387
64389
64390
64410
64434
64436
64452
64501
64523
64529
64541
64562
64569
64570
64592
64600
64619
64673
64688
64706
64718
64718
64731
64734
64739
64751
64758
64760
64767
64777
64780
64783
64786
64820
64822
64834
64858
64897
64902
64914
64931
64944
64968
65022
65049
65051
65091
65125
65130
65131
65132
65146
65156
65197
65208
65219
65223
65236
65241
65278
65282
65309
65333
65339
65341
65344
65359
65392
65396
65406
65430
65439
65442
65443
65449
65472
65527
65533
65547
65552
65556
65583
65588
65591
65598
65615
65620
65634
65637
65641
65644
65662
65673
65684
65688
65718
65753
65764
65769
65808
65817
65836
65869
65880
65890
65922
65939
65940
65940
65946
65957
65959
65959
65974
65982
65998
66001
66025
66030
66053
66068
66095
66104
66116
66116
66119
66129
66155
66158
66226
66246
66260
66269
66277
66286
66297
66301
66322
66325
66342
66356
66365
66377
66395
66409
66411
66422
66450
66469
66473
66476
66488
66499
66508
66511
66514
66519
66523
66528
66553
66591
66612
66614
66622
66634
66668
66671
66691
66697
66706
66715
66738
66749
66755
66774
66778
66779
66799
66805
66824
66824
66824
66833
66834
66846
66855
66887
66890
66907
66911
66929
66972
66974
66999
67016
67021
67026
67033
67049
67051
67074
67084
67086
67097
67113
67114
67121
67139
67161
67162
67196
67207
67240
67252
67263
67278
67297
67299
67322
67341
67377
67383
67390
67392
67415
67430
67435
67447
67465
67498
67501
67505
67506
67533
67554
67561
67569
67612
67629
67633
67656
67665
67672
67676
67676
67679
67681
67690
67703
67740
67742
67752
67755
67757
67758
67795
67801
67808
67813
67856
67858
67864
67877
67893
67895
67897
67916
67938
67939
67950
67967
67975
67983
67993
67996
68026
68033
68044
68060
68065
68073
68100
68124
68146
68150
68164
68173
68183
68187
68188
68206
68212
68215
68228
68232
68232
68247
68283
68299
68364
68364
68366
68380
68413
68415
68430
68433
68435
68469
68475
68482
68538
68538
68545
68583
68584
68616
68616
68664
68693
68716
68732
68741
68761
68763
68779
68795
68840
68850
68878
68883
68888
68899
68912
68914
68928
68940
68954
68977
68984
69002
69004
69006
69016
69016
69024
69027
69029
69047
69058
69062
69067
69080
69089
69123
69126
69147
69154
69158
69213
69220
69225
69251
69260
69282
69289
69330
69334
69337
69340
69360
69367
69382
69408
69424
69424
69456
69458
69460
69477
69572
69580
69691
69716
69734
69745
69772
69778
69789
69814
69828
69832
69833
69841
69858
69861
69864
69866
69868
69874
69878
69891
69897
69900
69927
69934
69997
70008
70033
70042
70057
70073
70151
70156
70189
70235
70243
70250
70306
70311
70312
70323
70324
70343
70364
70369
70384
70389
70405
70431
70439
70459
70484
70487
70521
70559
70572
70587
70602
70618
70635
70640
70642
70643
70652
70654
70676
70688
70688
70721
70721
70727
70736
70756
70787
70794
70795
70797
70820
70844
70858
70871
70871
70899
70924
70943
70949
70959
70972
70977
70983
70990
70990
71002
71016
71037
71042
71103
71110
71122
71124
71126
71131
71138
71140
71162
71193
71217
71222
71241
71243
71291
71294
71297
71315
71325
71355
71362
71375
71413
71427
71427
71430
71436
71439
71448
71457
71491
71497
71505
71510
71512
71520
71548
71559
71563
71573
71590
71638
71675
71676
71678
71696
71704
71708
71719
71720
71735
71745
71749
71754
71757
71801
71855
71884
71895
71920
71930
71934
71940
71946
71963
71964
71968
71976
71981
71987
72011
72014
72081
72135
72165
72168
72207
72231
72243
72251
72258
72262
72282
72317
72328
72335
72347
72348
72351
72353
72356
72356
72366
72390
72393
72428
72468
72503
72517
72520
72569
72570
72572
72577
72586
72599
72633
72649
72654
72667
72682
72693
72735
72739
72762
72774
72781
72810
72815
72833
72835
72838
72848
72873
72885
72889
72895
72897
72902
72905
72915
72919
72953
72965
72986
73004
73016
73026
73033
73051
73085
73087
73089
73095
73109
73119
73153
73158
73171
73182
73216
73217
73222
73228
73233
73237
73243
73244
73250
73251
73255
73263
73269
73292
73303
73312
73316
73318
73336
73351
73359
73360
73368
73376
73394
73394
73401
73403
73424
73424
73431
73503
73511
73519
73519
73537
73547
73550
73551
73551
73558
73575
73584
73605
73617
73635
73642
73670
73675
73687
73689
73701
73701
73725
73753
73766
73767
73775
73794
73831
73843
73844
73847
73865
73868
73874
73880
73915
73915
73918
73919
73949
73963
73964
73987
74023
74037
74037
74039
74040
74048
74051
74055
74058
74129
74159
74167
74173
74183
74185
74193
74213
74220
74244
74280
74281
74303
74305
74323
74343
74365
74377
74389
74400
74417
74419
74421
74474
74479
74497
74499
74501
74504
74513
74533
74533
74538
74579
74592
74626
74638
74658
74705
74720
74723
74733
74748
74772
74797
74812
74895
74905
74909
74937
74941
74965
74969
74971
74994
74996
75001
75028
75044
75045
75059
75071
75086
75121
75157
75162
75164
75168
75202
75220
75225
75243
75280
75285
75296
75361
75386
75391
75392
75410
75423
75437
75447
75464
75473
75486
75539
75543
75547
75557
75558
75568
75594
75608
75625
75638
75706
75706
75711
75717
75721
75731
75735
75739
75764
75770
75770
75772
75794
75847
75862
75877
75877
75881
75885
75887
75896
75899
75919
75919
75920
75948
75953
76024
76026
76031
76078
76085
76093
76145
76152
76166
76172
76182
76218
76224
76258
76261
76262
76276
76277
76277
76282
76283
76307
76340
76343
76358
76363
76366
76367
76392
76394
76450
76455
76458
76475
76485
76497
76497
76500
76532
76537
76548
76586
76586
76592
76594
76600
76606
76638
76642
76660
76666
76676
76684
76704
76712
76717
76737
76737
76759
76776
76785
76787
76790
76810
76817
76828
76829
76829
76834
76838
76851
76875
76881
76943
76946
76962
76970
76985
77000
77002
77021
77027
77042
77083
77103
77108
77108
77150
77182
77185
77194
77223
77228
77231
77232
77247
77268
77284
77288
77340
77352
77353
77376
77389
77405
77418
77439
77458
77500
77518
77531
77577
77592
77598
77610
77617
77620
77626
77631
77632
77636
77642
77656
77657
77676
77678
77699
77711
77723
77724
77752
77763
77776
77820
77827
77863
77864
77892
77893
77930
77951
77985
77992
77998
78020
78028
78035
78038
78058
78067
78078
78092
78101
78132
78144
78157
78162
78173
78177
78192
78214
78215
78265
78279
78284
78305
78313
78324
78324
78329
78336
78353
78377
78450
78463
78475
78478
78496
78503
78519
78559
78600
78608
78620
78631
78696
78705
78723
78753
78779
78780
78805
78816
78823
78850
78886
78888
78890
78918
78927
78928
78941
78956
78958
78964
78982
79008
79022
79038
79040
79056
79068
79076
79113
79121
79147
79155
79172
79219
79223
79227
79277
79282
79293
79302
79315
79318
79321
79347
79349
79358
79415
79417
79441
79444
79445
79449
79461
79476
79482
79503
79525
79541
79555
79556
79558
79569
79587
79602
79606
79620
79627
79637
79670
79676
79685
79699
79700
79734
79750
79756
79760
79761
79796
79798
79802
79814
79822
79825
79832
79863
79879
79892
79908
79909
79935
79941
79946
79964
79972
79972
79987
79991
80010
80014
80021
80036
80038
80073
80089
80110
80131
80140
80150
80203
80223
80249
80250
80257
80260
80270
80270
80286
80306
80320
80329
80368
80371
80377
80382
80383
80398
80408
80418
80428
80464
80507
80520
80524
80540
80551
80578
80583
80585
80594
80610
80610
80624
80636
80637
80646
80654
80715
80737
80738
80745
80749
80766
80768
80770
80773
80803
80818
80832
80852
80887
80890
80906
80912
80913
80915
80927
80949
80965
80972
80999
81024
81104
81127
81157
81172
81177
81178
81181
81208
81212
81226
81243
81247
81266
81283
81303
81304
81317
81328
81343
81358
81366
81392
81404
81441
81454
81510
81520
81521
81542
81558
81561
81629
81634
81646
81661
81670
81677
81677
81689
81716
81718
81735
81751
81756
81844
81863
81882
81883
81885
81889
81905
81924
81942
81949
81974
81976
81994
81997
82030
82034
82078
82092
82099
82105
82106
82110
82130
82135
82153
82160
82173
82197
82207
82210
82231
82239
82259
82277
82279
82280
82305
82314
82322
82330
82331
82359
82366
82367
82368
82387
82409
82424
82488
82489
82495
82498
82520
82535
82546
82550
82580
82611
82657
82669
82670
82672
82674
82676
82702
82714
82715
82722
82730
82730
82734
82748
82749
82783
82801
82811
82833
82837
82841
82847
82850
82897
82930
82933
82935
82935
82935
82941
82941
82949
82975
82975
83029
83036
83072
83072
83074
83107
83119
83133
83146
83181
83187
83194
83212
83218
83230
83247
83258
83269
83275
83283
83307
83309
83345
83365
83416
83457
83460
83462
83465
83502
83508
83519
83536
83536
83603
83603
83607
83612
83621
83655
83677
83715
83727
83751
83755
83763
83775
83793
83797
83798
83798
83811
83848
83849
83867
83872
83874
83886
83886
83902
83905
83925
83929
83931
83934
83938
83953
83959
83976
84008
84018
84019
84020
84028
84039
84066
84079
84103
84121
84128
84129
84148
84157
84176
84184
84197
84224
84231
84232
84239
84245
84270
84287
84310
84316
84318
84329
84376
84379
84390
84394
84396
84412
84446
84483
84515
84565
84571
84574
84579
84582
84596
84600
84605
84613
84639
84641
84678
84678
84683
84746
84747
84751
84752
84764
84785
84811
84815
84830
84847
84850
84852
84852
84872
84933
84940
84950
84950
84953
84954
84977
84984
85000
85004
85009
85022
85031
85038
85046
85056
85061
85087
85095
85096
85098
85121
85127
85137
85144
85144
85147
85157
85187
85192
85195
85209
85222
85241
85245
85250
85331
85336
85340
85360
85378
85380
85384
85399
85403
85416
85420
85424
85439
85442
85464
85487
85488
85488
85489
85492
85508
85570
85578
85585
85594
85604
85622
85629
85634
85667
85683
85691
85752
85756
85761
85762
85767
85770
85782
85786
85821
85846
85861
85879
85886
85903
85914
85924
85943
85958
85963
85971
86001
86012
86072
86078
86092
86107
86119
86130
86190
86202
86211
86235
86250
86257
86265
86284
86310
86336
86338
86348
86351
86360
86366
86381
86440
86465
86479
86481
86499
86500
86519
86530
86551
86593
86593
86595
86661
86662
86666
86673
86684
86695
86695
86701
86721
86729
86735
86802
86807
86810
86831
86863
86876
86922
86949
86994
86998
87003
87018
87024
87073
87077
87097
87099
87110
87123
87151
87198
87224
87235
87238
87260
87274
87288
87304
87333
87343
87343
87350
87351
87362
87385
87404
87414
87434
87434
87443
87446
87488
87528
87548
87597
87644
87645
87652
87680
87682
87688
87710
87711
87713
87756
87831
87853
87859
87862
87868
87893
87927
87935
87936
87937
87939
87957
87969
87971
87978
87990
88261
88850
88956
89000
90184
90818
90869
91296
92829
93114
93398
93592
94145
95608
95689
97184
97382
97453
97473
97546
97609
98590
99218
99599
99988
101288
101610
101850
101975
103964
105168
105352
105517
105734
106116
106273
106888
107003
107378
107555
108215
108522
108838
108935
109214
109514
109675
109688
110151
110225
110545
110651
110839
110842
111024
111317
111567
111747
111807
112374
113017
113062
113989
114159
114167
114231
114666
114925
114953
115042
116476
116700
116708
117370
117839
118235
118413
118532
118901
120357
121152
121454
121833
122117
122396
122729
123067
123368
123715
123909
124051
124226
124270
124326
125811
126307
126762
126802
127311
127524
127578
130363
130787
130993
131168
131584
132144
132259
132423
132743
134122
134561
134733
134824
136330
136371
136649
136945
138974
139301
139619
139887
139902
140061
140501
140595
140619
141878
142098
142227
142240
142691
142935
143203
143354
144003
144637
145355
146899
147254
147337
147434
148666
148735
148795
148859
149238
149376
149409
149418
149782
150258
150368
150757
150800
150810
150975
151445
151492
152136
152735
153063
153093
153318
153609
154066
154080
154494
154733
154954
155238
156754
156905
156925
156944
157403
157770
157991
158645
159124
159313
159388
159445
160483
161548
161838
162761
163044
163150
163219
163558
163783
163793
163838
163953
164377
165324
165487
165656
166630
166651
167418
167560
168034
168441
169901
169941
170106
170481
172183
173058
173414
173603
174482
174883
175284
175679
176187
176511
176770
177968
179811
179819
180217
182102
182228
182431
183211
183974
185068
185399
186089
187188
187417
189824
192488
194495
194497
194866
195044
196957
197070
199630
199749
199913
201810
201919
202791
203346
204011
205546
206787
207151
210160
210513
210592
210889
211774
212332
212783
213590
215786
216415
216936
220152
220982
222662
223717
225727
227853
227882
227898
227969
228033
230013
231953
232199
232431
232549
232871
232883
234937
236543
236680
237549
238186
240565
240744
241665
242672
242921
242940
243508
244255
245819
248445
249380
249797
250201
250431
251072
251608
252166
253870
254272
254672
254758
256817
256831
256834
258792
261432
262085
262530
262828
264709
265174
265384
267607
268467
271164
275260
283883
284350
285057
291029
291779
292665
300055
301256
301290
304043
304830
307690
308968
312792
312863
313730
314270
316871
322334
322403
323733
325694
326893
327205
328268
329574
334822
335531
338257
339805
343903
344878
346164
350039
351435
352121
356075
357127
358536
359055
359265
359714
364145
364308
364515
366814
369009
369115
369775
370378
371704
374101
374443
378054
379733
380980
381432
382086
382373
382920
383571
383726
386046
387249
387542
390424
391369
394394
396746
396891
397000
403505
405242
406078
406232
406751
407135
407410
407512
408990
409290
410723
411773
411792
411996
412021
413788
414093
418246
419778
422582
422652
424617
426441
427409
427998
430127
430476
430554
430850
431284
434665
436920
438032
438427
441177
441573
449971
450387
450939
453199
454367
455981
456597
457280
458346
458395
458683
463565
466553
466754
468594
470476
471599
471818
471882
472203
473536
474080
474412
477876
478598
482371
483214
485901
490604
491287
492202
492785
493665
494966
495433
495984
500305
501444
501449
502684
504430
504944
508320
510961
511342
511934
512105
512965
514509
516055
523016
523522
525279
525990
528344
530395
534895
539364
543458
543754
544490
544575
546670
550085
551491
551922
552274
564940
565334
568823
570492
572262
573187
579592
586589
588203
592857
593172
606167
606261
607742
614491
641024
655892
663923
674963
690749
695283
700390
705948
720740
733426
734675
734772
755600
784156
803755
804430
833836
839707
857574
864311
872131
885454
886162
889850
895760
912910
914989
921368
922354
928506
932726
945708
948019
956718
965428
968659
972854
975105
976652
980113
982825
982863
984098
985893
986076
986742
988015
989329
990428
991101
991337
993531
995308
997178
997403
999237
1001877
1002258
1004997
1005016
1005716
1006332
1006641
1008406
1008412
1008672
1009767
1010249
1012612
1013651
1014974
1015415
1016911
1017934
1019318
1019426
1020506
1022197
1022263
1022523
1023487
1024123
1024361
1026685
1027299
1027670
1028006
1031123
1032693
1034401
1035756
1038116
1038613
1039878
1042792
1044793
1045526
1047138
1047619
1048174
1048592
1050404
1050521
1054402
1054891
1148635
1164682
1164816
1170858
1170903
1203789
1216075
1236974
1237223
1238221
1240240
1241666
1284462
1288886
1321127
1328281
1330111
1330452
1337741
1357536
1381221
1387727
1395085
1396203
1397581
1400171
1400618
1403441
1417472
1424143
1431357
1439963
1459898
1480378
1481236
1497755
1503776
1513145
1542742
1568206
1581334
1583374
1592673
1598101
1598732
1602895
1620336
1635356
1658198
1672483
1674984
1691946
1696015
1698233
1698925
1706627
1706732
1712761
1719710
1719853
1723969
1724807
1729715
1734850
1743529
1750862
1751010
1755128
1755130
1757796
1768275
1768823
1778532
1778674
1807272
1813264
1836853
1858262
1865249
1873736
1874726
1892567
1916473
1926809
1936024
1940126
1945322
1954622
1957853
1960955
1960971
1964307
1965390
1966158
1977215
1989177
2005484
2019946
2033691
2034316
2048311
2075230
2080329
2083817
2093347
2124223
2124550
2134973
2146818
2171877
2188730
2193601
2479233
2481681
2517557
2518424
2532436
2536064
2537143
2555125
2557554
2558594
2564913
2566185
2570114
2570453
2572709
2572903
2576832
2580423
2580795
2585012
2593751
2606636
2609324
2610212
2611517
2618572
2621369
2634352
2660383
2664930
2666107
2669882
2671045
2695746
2712368
2728312
2730519
2743638
2747579
2750223
2756882
2767093
2767449
2767578
2798114
2799262
2804895
2811001
2813762
2826306
2837034
2837949
2845902
2846698
2862908
2864192
2876743
2877018
2881506
2887532
2888900
2891207
2899656
2908572
2910130
2911905
2917699
2924031
2924088
2925066
2927339
2940537
2944659
2946927
2947840
2957768
2959626
2965840
2965984
2976230
2977145
2978452
2979879
2985034
2996686
2997187
3006782
3008154
3013046
3022697
3022948
3034685
3048939
3054224
3057444
3059507
3067997
3078212
3174762
3175717
3178698
3184711
3190865
3207687
3239631
3271961
3279993
3283018
3319210
3335152
3336127
3343872
3344046
3344059
3357026
3373848
3412044
3427246
3431400
3457332
3482333
3484034
3487438
3496313
3497328
3511999
3636615
3637811
3653002
3654448
3660190
3672246
3693464
3879510
3887362
3890179
3903917
3935462
3942913
3947549
4049709
4059345
4060938
4069207
4090774
4096519
4097279
4098544
4102273
4114825
4121447
4125130
4126378
4132205
4856231
4863839
4873979
4884476
4891453
4899528
4924385
4944417
4956564
4957104
4957646
4960250
5002131
5004154
5286174
5298596
5302735
5323273
5329914
5337780
5362559
5550840
5560933
5576441
5610992
5612078
5623972
5627252
5810313
5818803
5846554
5847379
5855796
5876592
5892870
5905819
5939647
5962843
5964059
5965056
5978816
5979449
6008966
6029998
6045394
6050902
6053864
6064176
6067321
6523157
6543858
6545938
6549065
6555051
6564845
6592149
6872253
6878760
6879372
6886692
6932690
6936398
6944730
8185902
8191051
8198652
8200188
8205131
8223883
8245757
8342921
8346998
8354617
8356294
8357129
8358159
8359467
8737799
8741185
8746877
8755125
8759435
8772234
8782595