44
48
96
104
105
106
118
119
125
130
140
151
177
234
234
239
245
248
255
259
260
279
286
288
325
329
337
340
341
350
360
371
390
412
421
423
428
435
452
455
460
462
471
487
490
491
495
524
528
529
544
560
607
616
617
642
648
658
669
683
690
700
744
745
755
776
776
782
787
795
832
848
849
849
853
858
859
875
879
907
927
933
943
949
972
981
984
990
999
1002
1006
1017
1028
1046
1058
1067
1105
1117
1121
1123
1161
1162
1180
1185
1195
1202
1205
1219
1220
1220
1237
1258
1272
1283
1309
1311
1317
1349
1352
1356
1362
1380
1406
1454
1456
1458
1467
1478
1482
1487
1489
1526
1536
1550
1553
1553
1558
1592
1603
1620
1642
1649
1654
1664
1679
1694
1697
1736
1738
1740
1743
1748
1754
1754
1762
1796
1805
1831
1848
1856
1861
1875
1879
1894
1904
1908
1932
1940
1945
1946
1958
1982
1994
2026
2053
2071
2072
2092
2104
2110
2118
2124
2140
2151
2160
2181
2183
2191
2203
2206
2214
2221
2246
2249
2299
2315
2317
2358
2358
2359
2372
2373
2390
2393
2409
2435
2446
2448
2455
2462
2476
2483
2501
2509
2513
2530
2581
2589
2593
2603
2606
2637
2661
2669
2669
2683
2688
2703
2735
2737
2786
2794
2807
2825
2854
2893
2902
2909
2915
2923
2932
2938
2941
2942
2952
2956
2960
2962
2976
2989
2991
2996
3047
3062
3075
3088
3094
3100
3104
3105
3122
3126
3155
3163
3168
3200
3203
3206
3207
3209
3223
3231
3245
3285
3303
3308
3324
3325
3334
3337
3348
3355
3360
3364
3366
3371
3387
3395
3400
3403
3416
3418
3442
3445
3447
3460
3497
3539
3540
3570
3574
3588
3601
3608
3615
3637
3646
3719
3735
3744
3753
3770
3776
3812
3867
3873
3884
3929
3943
3968
3975
3992
3997
4002
4007
4026
4028
4045
4051
4072
4089
4129
4139
4147
4149
4155
4158
4160
4163
4164
4166
4192
4197
4210
4213
4241
4243
4258
4262
4286
4289
4303
4306
4341
4348
4355
4366
4371
4373
4398
4406
4414
4446
4447
4478
4487
4489
4492
4517
4520
4524
4531
4546
4572
4599
4631
4640
4647
4654
4664
4676
4691
4694
4719
4721
4729
4748
4762
4776
4780
4788
4820
4822
4835
4875
4878
4898
4909
4925
4926
4946
4960
4967
4981
5016
5029
5042
5054
5058
5063
5083
5091
5092
5096
5106
5150
5154
5169
5179
5184
5210
5250
5260
5275
5276
5290
5325
5336
5348
5349
5352
5355
5361
5367
5414
5415
5446
5467
5468
5491
5504
5544
5560
5572
5582
5588
5623
5628
5640
5643
5648
5706
5724
5728
5739
5745
5753
5759
5762
5767
5794
5803
5810
5816
5828
5846
5851
5864
5866
5905
5947
5989
6003
6005
6006
6058
6059
6066
6076
6079
6086
6088
6090
6102
6113
6126
6132
6160
6162
6165
6168
6180
6186
6234
6267
6270
6286
6292
6298
6300
6302
6339
6361
6382
6385
6388
6390
6412
6416
6429
6442
6443
6444
6445
6464
6465
6470
6475
6479
6491
6544
6550
6551
6563
6563
6582
6596
6596
6610
6617
6654
6675
6678
6701
6711
6723
6744
6748
6755
6758
6780
6835
6846
6855
6860
6862
6876
6885
6887
6890
6901
6904
6913
6927
6953
6983
6987
6988
6988
7000
7005
7021
7025
7027
7028
7046
7061
7069
7082
7082
7091
7101
7110
7131
7175
7181
7184
7189
7189
7239
7253
7262
7264
7282
7309
7321
7346
7350
7356
7386
7417
7426
7466
7485
7507
7534
7536
7544
7554
7571
7591
7593
7605
7613
7632
7637
7650
7655
7697
7703
7707
7727
7730
7738
7741
7741
7754
7757
7767
7768
7789
7791
7796
7815
7820
7829
7852
7855
7867
7879
7924
7935
7957
7962
7967
7967
7997
7997
8011
8032
8047
8102
8134
8144
8152
8154
8156
8158
8164
8182
8209
8273
8293
8296
8310
8332
8332
8334
8368
8369
8373
8375
8377
8383
8391
8413
8414
8415
8425
8439
8450
8450
8467
8492
8510
8520
8525
8550
8553
8564
8567
8571
8585
8593
8597
8601
8608
8625
8629
8630
8658
8661
8664
8679
8686
8690
8710
8714
8715
8738
8740
8753
8763
8770
8775
8781
8805
8816
8825
8862
8873
8878
8884
8890
8896
8931
8946
9017
9021
9025
9029
9051
9065
9065
9078
9101
9149
9156
9171
9182
9189
9193
9195
9240
9253
9253
9265
9273
9274
9286
9290
9308
9311
9365
9380
9386
9394
9394
9411
9477
9482
9517
9519
9526
9540
9546
9556
9561
9568
9583
9583
9586
9595
9597
9614
9622
9624
9628
9632
9635
9659
9663
9672
9677
9678
9688
9690
9698
9700
9708
9721
9731
9744
9746
9749
9764
9769
9795
9831
9836
9881
9927
9929
9939
9941
9984
10006
10009
10045
10067
10068
10083
10092
10105
10120
10158
10191
10195
10204
10220
10235
10258
10269
10307
10334
10344
10357
10357
10366
10374
10379
10389
10432
10433
10437
10469
10471
10473
10483
10485
10495
10516
10519
10519
10520
10528
10538
10558
10572
10592
10602
10618
10634
10649
10680
10700
10707
10709
10711
10744
10746
10753
10784
10792
10795
10796
10813
10816
10830
10833
10848
10851
10871
10930
10939
10945
10946
10948
10955
10960
10969
10978
11009
11058
11058
11070
11076
11086
11093
11118
11129
11134
11152
11166
11199
11203
11210
11211
11228
11230
11236
11240
11264
11277
11282
11291
11293
11316
11350
11354
11354
11356
11399
11417
11435
11442
11455
11459
11466
11467
11471
11489
11532
11542
11551
11569
11575
11584
11586
11595
11613
11625
11675
11675
11676
11678
11679
11683
11694
11697
11712
11712
11717
11733
11737
11762
11765
11784
11794
11799
11809
11814
11840
11854
11863
11875
11888
11889
11891
11902
11903
11915
11923
11928
11933
11935
11935
11936
11941
11949
11951
11969
11971
11975
12000
12001
12007
12009
12026
12044
12069
12073
12100
12106
12116
12171
12177
12197
12197
12200
12212
12268
12274
12298
12302
12320
12329
12336
12373
12386
12387
12392
12406
12418
12430
12431
12433
12478
12483
12485
12496
12500
12502
12517
12517
12521
12538
12546
12548
12578
12581
12585
12593
12596
12605
12631
12647
12651
12653
12663
12676
12681
12716
12728
12736
12744
12748
12754
12831
12860
12884
12890
12892
12901
12923
12929
12934
12942
12942
12958
12963
12969
12978
12979
12984
12985
13005
13017
13055
13070
13082
13113
13118
13148
13156
13172
13192
13193
13217
13245
13248
13254
13262
13266
13277
13288
13304
13311
13317
13328
13330
13339
13357
13402
13428
13429
13445
13453
13462
13499
13527
13528
13542
13544
13553
13564
13568
13568
13568
13579
13585
13586
13593
13595
13605
13613
13613
13614
13659
13693
13718
13742
13759
13766
13772
13791
13796
13818
13836
13848
13864
13895
13915
13940
13940
13948
13981
13999
14000
14007
14012
14055
14062
14081
14092
14114
14124
14126
14131
14139
14155
14156
14163
14166
14167
14185
14197
14197
14215
14220
14226
14231
14235
14250
14260
14317
14362
14366
14413
14422
14431
14443
14450
14456
14461
14468
14515
14516
14517
14578
14619
14626
14632
14661
14665
14678
14680
14684
14687
14694
14698
14702
14705
14728
14736
14747
14751
14759
14768
14773
14789
14806
14832
14840
14843
14864
14873
14875
14914
14915
14917
14952
14970
14971
14977
14986
15008
15053
15064
15065
15105
15120
15137
15170
15176
15178
15209
15221
15226
15261
15263
15294
15314
15321
15357
15367
15400
15405
15413
15415
15420
15424
15425
15429
15436
15439
15440
15446
15473
15475
15483
15488
15506
15522
15535
15539
15543
15563
15566
15569
15572
15577
15590
15590
15628
15651
15653
15654
15673
15713
15742
15752
15758
15765
15770
15773
15810
15830
15850
15876
15884
15920
15943
15959
15966
15993
16001
16041
16081
16084
16086
16102
16106
16107
16116
16117
16117
16128
16128
16129
16151
16153
16155
16176
16203
16207
16230
16261
16265
16273
16274
16294
16311
16323
16324
16326
16338
16345
16352
16360
16360
16361
16367
16385
16385
16391
16436
16447
16449
16466
16480
16498
16499
16526
16531
16536
16538
16544
16571
16576
16591
16671
16678
16698
16707
16716
16739
16744
16761
16763
16771
16787
16788
16826
16838
16840
16850
16881
16889
16890
16941
16942
16953
16982
17006
17011
17042
17044
17072
17076
17121
17165
17174
17182
17183
17194
17208
17213
17222
17241
17267
17279
17279
17287
17316
17323
17325
17346
17357
17363
17365
17412
17414
17417
17430
17437
17449
17499
17501
17502
17507
17518
17519
17526
17547
17568
17574
17595
17599
17603
17627
17631
17651
17669
17702
17732
17736
17736
17739
17753
17759
17785
17787
17789
17790
17793
17856
17857
17860
17867
17872
17874
17913
17917
17935
17938
17945
17949
18033
18067
18083
18088
18100
18102
18116
18120
18150
18154
18162
18173
18173
18183
18189
18190
18194
18212
18253
18255
18267
18278
18329
18331
18337
18370
18397
18410
18412
18414
18424
18426
18442
18465
18479
18492
18499
18499
18504
18508
18508
18522
18538
18598
18605
18631
18634
18637
18644
18647
18647
18652
18653
18688
18692
18692
18705
18707
18723
18740
18740
18755
18768
18775
18791
18796
18804
18833
18858
18873
18884
18891
18904
18909
18919
18926
18955
18984
18985
18987
19001
19004
19006
19023
19031
19031
19034
19050
19058
19065
19071
19074
19082
19094
19094
19105
19107
19109
19124
19144
19148
19163
19163
19164
19172
19186
19206
19218
19221
19245
19246
19246
19259
19291
19298
19300
19325
19340
19350
19362
19377
19388
19398
19401
19415
19419
19432
19432
19432
19443
19471
19483
19483
19497
19498
19500
19527
19569
19570
19575
19597
19658
19666
19669
19672
19704
19709
19713
19715
19738
19823
19833
19838
19860
19866
19879
19889
19912
19915
19917
19944
19966
19968
19974
19976
20004
20030
20044
20048
20053
20054
20064
20065
20068
20076
20081
20093
20098
20146
20205
20208
20227
20228
20238
20241
20244
20248
20250
20255
20262
20267
20271
20274
20294
20298
20301
20305
20311
20313
20318
20362
20377
20386
20389
20390
20391
20408
20422
20433
20452
20511
20516
20545
20554
20558
20563
20565
20566
20591
20598
20599
20600
20614
20622
20625
20626
20666
20672
20675
20679
20726
20787
20806
20806
20811
20826
20830
20843
20860
20895
20913
20920
20930
20932
20942
20942
20948
20965
20976
21014
21014
21027
21043
21070
21087
21092
21099
21100
21110
21116
21164
21174
21182
21183
21191
21227
21244
21247
21267
21283
21286
21300
21305
21314
21328
21341
21358
21374
21386
21399
21399
21416
21433
21433
21434
21442
21450
21458
21475
21489
21498
21499
21504
21520
21522
21524
21562
21567
21581
21584
21605
21608
21618
21641
21664
21668
21732
21750
21750
21752
21769
21796
21800
21845
21850
21850
21854
21861
21862
21862
21878
21900
21930
21951
21969
22001
22019
22031
22039
22045
22063
22065
22079
22080
22081
22092
22121
22125
22136
22139
22140
22142
22146
22147
22160
22169
22191
22214
22248
22255
22317
22319
22319
22320
22356
22362
22369
22450
22452
22454
22464
22481
22500
22507
22544
22591
22592
22610
22611
22613
22622
22651
22653
22656
22656
22677
22697
22721
22728
22734
22740
22747
22798
22816
22825
22834
22872
22872
22898
22901
22904
22935
23005
23012
23050
23071
23079
23098
23101
23104
23121
23129
23131
23136
23139
23172
23183
23218
23257
23269
23281
23288
23291
23294
23301
23350
23361
23361
23368
23378
23393
23393
23423
23429
23456
23472
23478
23484
23499
23546
23593
23599
23601
23646
23674
23676
23681
23728
23746
23793
23798
23830
23840
23845
23859
23876
23885
23906
23909
23915
23930
23942
23943
23955
23970
23976
24006
24011
24056
24061
24073
24102
24118
24143
24149
24151
24184
24186
24190
24202
24215
24217
24219
24221
24232
24250
24258
24260
24263
24270
24271
24290
24298
24335
24339
24342
24353
24355
24365
24375
24385
24405
24409
24418
24419
24420
24420
24422
24432
24487
24501
24513
24515
24517
24518
24544
24556
24584
24616
24620
24643
24679
24682
24711
24725
24741
24748
24768
24809
24836
24846
24852
24862
24881
24891
24894
24898
24939
24966
24988
25004
25005
25009
25011
25025
25066
25076
25126
25144
25159
25184
25257
25273
25282
25306
25317
25318
25324
25335
25343
25349
25359
25360
25362
25409
25432
25445
25498
25523
25544
25547
25572
25574
25578
25583
25598
25621
25649
25655
25681
25691
25696
25703
25704
25724
25726
25761
25762
25780
25803
25808
25822
25823
25823
25858
25859
25878
25882
25891
25919
25923
25931
25936
25940
25940
25945
25963
25977
25983
26000
26000
26027
26032
26065
26077
26148
26149
26156
26176
26198
26204
26211
26218
26237
26241
26253
26286
26291
26294
26310
26322
26330
26388
26390
26401
26402
26474
26476
26529
26531
26536
26539
26551
26586
26593
26609
26622
26624
26632
26639
26649
26655
26656
26679
26719
26737
26809
26833
26843
26878
26880
26895
26898
26905
26932
26934
26935
26952
26983
26984
26988
26991
27001
27003
27006
27007
27024
27042
27056
27057
27077
27077
27090
27098
27131
27159
27159
27194
27195
27208
27208
27223
27226
27228
27250
27251
27253
27302
27302
27311
27326
27333
27359
27413
27429
27440
27455
27479
27480
27489
27512
27516
27518
27520
27534
27542
27545
27569
27609
27624
27638
27649
27661
27661
27661
27667
27668
27672
27676
27700
27704
27718
27724
27730
27731
27739
27760
27760
27781
27799
27811
27815
27817
27830
27853
27856
27864
27866
27880
27903
27904
27905
27914
27927
27929
27934
27938
27958
27959
27971
27977
27981
27984
27993
28008
28012
28034
28040
28049
28053
28055
28058
28074
28078
28079
28090
28103
28117
28127
28136
28140
28143
28149
28166
28168
28178
28182
28193
28207
28235
28238
28244
28253
28256
28281
28292
28301
28308
28348
28357
28381
28390
28393
28413
28422
28444
28462
28471
28486
28491
28496
28501
28505
28514
28519
28525
28540
28548
28593
28612
28621
28622
28636
28643
28661
28670
28687
28687
28730
28738
28753
28773
28773
28798
28814
28831
28842
28844
28854
28857
28858
28875
28885
28905
28914
28925
28925
28966
28972
28996
29017
29065
29085
29092
29128
29129
29154
29174
29198
29208
29210
29238
29247
29265
29269
29307
29331
29336
29377
29379
29404
29405
29409
29411
29419
29423
29426
29458
29466
29474
29490
29496
29507
29526
29527
29557
29561
29583
29595
29632
29642
29656
29659
29681
29685
29687
29694
29699
29701
29709
29736
29759
29764
29778
29780
29803
29815
29834
29849
29857
29873
29876
29882
29926
29936
29946
29951
29961
29966
29974
29992
30025
30030
30066
30088
30104
30108
30109
30114
30141
30144
30179
30195
30200
30202
30208
30212
30217
30242
30279
30281
30289
30291
30312
30325
30332
30335
30352
30360
30365
30425
30463
30470
30478
30493
30504
30522
30528
30540
30542
30550
30557
30613
30643
30657
30703
30728
30732
30734
30741
30742
30745
30765
30776
30792
30800
30811
30815
30828
30845
30866
30870
30876
30884
30894
30903
30905
30934
30965
30971
30979
30983
31004
31006
31017
31021
31025
31035
31042
31060
31084
31085
31104
31105
31123
31134
31142
31143
31145
31160
31170
31175
31178
31205
31239
31243
31244
31250
31257
31265
31277
31289
31295
31319
31322
31330
31341
31366
31377
31378
31381
31406
31425
31427
31473
31482
31501
31504
31523
31535
31539
31539
31558
31565
31583
31596
31599
31610
31614
31616
31642
31649
31650
31651
31652
31659
31678
31681
31692
31717
31723
31731
31741
31745
31756
31769
31820
31822
31837
31855
31944
31974
31977
31994
32008
32025
32027
32056
32072
32079
32080
32095
32107
32107
32109
32112
32118
32143
32148
32164
32176
32193
32284
32302
32304
32321
32335
32339
32342
32367
32369
32381
32388
32422
32436
32441
32444
32455
32458
32482
32486
32506
32508
32528
32597
32630
32658
32673
32679
32691
32697
32700
32708
32723
32742
32753
32754
32758
32777
32785
32814
32817
32825
32835
32858
32879
32885
32895
32915
32924
32928
32942
32968
32968
32987
33024
33039
33075
33085
33092
33095
33100
33105
33114
33120
33128
33134
33154
33156
33158
33162
33175
33190
33203
33204
33216
33279
33286
33289
33297
33299
33299
33300
33309
33321
33341
33372
33414
33416
33427
33438
33445
33457
33475
33505
33509
33529
33531
33533
33547
33568
33587
33599
33611
33629
33630
33633
33643
33665
33667
33675
33685
33699
33705
33709
33717
33730
33735
33766
33826
33852
33856
33863
33866
33868
33874
33885
33891
33911
33929
33929
33932
33942
33944
33954
33965
33967
33972
33974
33981
33985
33987
33992
34003
34015
34022
34040
34063
34064
34068
34080
34108
34119
34125
34143
34146
34154
34165
34205
34215
34217
34221
34226
34237
34243
34269
34292
34308
34329
34355
34368
34372
34439
34444
34471
34478
34504
34511
34515
34522
34551
34583
34602
34628
34633
34646
34657
34664
34671
34698
34708
34736
34749
34751
34772
34775
34776
34787
34791
34792
34813
34831
34852
34854
34867
34874
34885
34890
34893
34897
34899
34908
34927
34927
34927
34935
34940
34952
34983
34991
34991
34993
35004
35025
35027
35028
35029
35035
35054
35058
35068
35081
35133
35135
35137
35169
35170
35177
35192
35194
35198
35221
35234
35241
35267
35278
35283
35293
35294
35297
35297
35306
35345
35349
35356
35418
35422
35440
35440
35441
35443
35485
35490
35505
35508
35516
35518
35526
35531
35535
35537
35537
35544
35547
35551
35577
35617
35632
35641
35651
35657
35664
35666
35673
35684
35695
35719
35729
35740
35773
35773
35781
35794
35803
35803
35866
35866
35870
35874
35878
35883
35888
35898
35907
35908
35920
35926
35926
35940
35950
35962
36005
36008
36020
36020
36032
36042
36069
36077
36082
36095
36100
36103
36146
36149
36153
36175
36178
36211
36227
36231
36245
36247
36251
36252
36254
36269
36278
36281
36281
36284
36295
36297
36306
36327
36364
36397
36408
36413
36413
36464
36469
36474
36477
36481
36491
36492
36502
36512
36527
36535
36538
36543
36573
36590
36630
36632
36638
36669
36676
36682
36706
36726
36762
36785
36789
36927
36929
36930
36950
36952
36955
36966
36977
36982
36985
37001
37017
37017
37029
37047
37063
37075
37080
37083
37098
37108
37112
37179
37180
37184
37222
37223
37224
37225
37252
37289
37290
37292
37346
37355
37355
37371
37388
37421
37422
37426
37441
37446
37447
37449
37451
37461
37479
37501
37504
37512
37517
37529
37529
37554
37568
37582
37620
37626
37629
37630
37640
37642
37644
37682
37699
37705
37709
37713
37716
37740
37745
37753
37787
37791
37809
37810
37830
37847
37852
37863
37873
37887
37894
37915
37965
37979
37991
37998
38003
38004
38005
38025
38051
38052
38063
38068
38075
38109
38113
38114
38120
38129
38154
38168
38187
38209
38211
38226
38238
38247
38253
38253
38321
38329
38336
38342
38363
38365
38368
38381
38416
38445
38451
38469
38475
38507
38509
38515
38567
38594
38625
38635
38690
38691
38710
38719
38735
38746
38751
38752
38758
38760
38768
38769
38785
38808
38823
38827
38832
38833
38848
38851
38871
38893
38899
38914
38915
38921
38971
38977
38986
39043
39047
39083
39125
39159
39174
39193
39196
39233
39241
39247
39257
39270
39273
39280
39302
39328
39350
39356
39365
39366
39368
39369
39370
39384
39390
39447
39454
39472
39477
39495
39505
39522
39542
39585
39589
39595
39605
39657
39675
39678
39689
39697
39701
39715
39721
39726
39739
39791
39797
39816
39824
39836
39845
39853
39860
39870
39897
39907
39928
39946
39950
39958
39973
39975
39993
40012
40021
40035
40043
40067
40069
40086
40090
40110
40117
40140
40166
40187
40197
40227
40228
40245
40246
40296
40324
40334
40348
40359
40363
40373
40399
40402
40428
40500
40501
40508
40525
40528
40549
40550
40551
40554
40556
40571
40580
40598
40608
40612
40614
40615
40621
40676
40678
40679
40686
40689
40721
40736
40741
40748
40757
40768
40771
40775
40778
40795
40801
40810
40833
40834
40896
40903
40906
40930
40950
40975
40982
40991
41012
41018
41019
41045
41075
41087
41107
41126
41141
41144
41151
41157
41158
41158
41168
41170
41174
41198
41206
41220
41228
41235
41248
41255
41264
41272
41273
41279
41295
41299
41303
41312
41336
41342
41350
41382
41394
41398
41410
41411
41423
41436
41444
41457
41463
41464
41477
41492
41501
41511
41528
41540
41550
41569
41570
41574
41584
41607
41618
41651
41654
41656
41659
41667
41680
41682
41705
41705
41709
41711
41723
41725
41729
41746
41775
41776
41777
41782
41799
41803
41807
41830
41836
41838
41838
41870
41881
41885
41901
41921
41925
41933
41933
41939
41944
41970
41987
42017
42026
42030
42030
42039
42079
42089
42095
42134
42144
42155
42176
42186
42198
42214
42255
42263
42269
42313
42316
42326
42341
42342
42375
42375
42377
42386
42412
42432
42434
42435
42443
42513
42519
42549
42576
42577
42605
42609
42614
42637
42639
42647
42655
42672
42673
42679
42682
42697
42709
42712
42734
42747
42748
42753
42757
42782
42787
42790
42815
42835
42835
42841
42841
42849
42861
42876
42887
42897
42922
42925
42931
42944
42948
42973
42979
42980
42990
42999
43006
43012
43027
43036
43036
43063
43071
43095
43096
43114
43136
43152
43153
43157
43162
43170
43172
43212
43217
43220
43257
43266
43282
43287
43291
43297
43345
43363
43376
43386
43390
43413
43427
43440
43469
43470
43474
43482
43484
43501
43504
43544
43548
43556
43569
43573
43583
43587
43600
43614
43617
43620
43625
43633
43673
43675
43705
43713
43715
43748
43763
43773
43785
43794
43795
43812
43812
43817
43818
43821
43843
43853
43859
43861
43882
43909
43910
43915
43923
43931
43935
43968
43979
43985
44016
44021
44029
44055
44075
44084
44106
44112
44147
44163
44170
44177
44199
44230
44244
44251
44255
44257
44271
44293
44302
44305
44317
44357
44357
44359
44368
44404
44414
44429
44433
44439
44443
44445
44453
44463
44492
44506
44524
44527
44535
44546
44576
44590
44592
44592
44603
44609
44623
44631
44649
44651
44653
44666
44679
44698
44704
44705
44723
44750
44757
44772
44775
44779
44780
44782
44824
44852
44853
44855
44859
44866
44870
44875
44876
44889
44891
44891
44920
44967
44976
45010
45032
45059
45099
45100
45102
45120
45138
45144
45152
45153
45162
45181
45195
45218
45266
45272
45275
45278
45286
45298
45310
45321
45379
45385
45393
45405
45415
45415
45425
45440
45445
45448
45448
45450
45468
45475
45516
45519
45520
45523
45528
45562
45579
45582
45598
45599
45607
45610
45636
45649
45651
45657
45663
45664
45664
45674
45726
45728
45735
45744
45753
45767
45778
45785
45795
45795
45797
45812
45832
45841
45843
45850
45853
45869
45872
45879
45893
45901
45903
45907
45920
45934
45941
45961
45962
46015
46016
46032
46036
46046
46047
46057
46065
46081
46091
46128
46134
46136
46139
46145
46176
46183
46200
46201
46212
46214
46215
46215
46216
46238
46240
46245
46256
46263
46280
46284
46289
46306
46321
46331
46334
46346
46381
46387
46388
46390
46393
46401
46402
46412
46438
46445
46454
46467
46474
46492
46495
46523
46523
46553
46560
46574
46593
46604
46635
46640
46644
46658
46666
46679
46709
46719
46732
46736
46742
46764
46785
46820
46821
46823
46824
46833
46838
46843
46853
46875
46876
46881
46900
46901
46950
46955
46976
46980
46984
46985
46997
47017
47032
47042
47045
47061
47063
47085
47097
47100
47103
47126
47127
47159
47159
47163
47193
47217
47220
47239
47264
47264
47267
47274
47287
47330
47338
47367
47371
47386
47389
47391
47393
47396
47398
47411
47415
47436
47450
47457
47457
47460
47470
47471
47485
47492
47505
47534
47542
47548
47573
47580
47607
47632
47659
47660
47698
47703
47712
47721
47739
47764
47780
47788
47823
47844
47844
47846
47852
47868
47875
47875
47885
47904
47917
47941
47945
47979
47987
47990
47999
47999
48001
48005
48006
48011
48015
48030
48079
48102
48120
48131
48132
48143
48171
48190
48263
48267
48276
48311
48346
48350
48351
48356
48383
48409
48426
48452
48463
48470
48493
48496
48501
48535
48559
48559
48570
48571
48575
48588
48599
48624
48625
48628
48635
48665
48687
48707
48710
48722
48723
48731
48734
48737
48738
48752
48752
48777
48789
48799
48812
48824
48828
48829
48831
48837
48862
48870
48878
48886
48891
48913
48918
48930
48935
48962
48996
48999
49005
49011
49023
49037
49044
49070
49075
49097
49105
49119
49124
49138
49174
49183
49220
49235
49239
49241
49263
49265
49267
49268
49285
49288
49288
49308
49317
49318
49321
49325
49359
49360
49363
49376
49406
49425
49442
49445
49449
49452
49454
49469
49483
49484
49491
49501
49509
49517
49520
49524
49536
49548
49566
49571
49608
49636
49639
49651
49666
49680
49681
49684
49688
49689
49714
49722
49744
49756
49778
49778
49809
49838
49859
49883
49887
49890
49902
49906
49915
49932
49948
49948
49950
49988
49989
49995
50021
50040
50075
50088
50124
50127
50137
50140
50143
50147
50153
50157
50177
50181
50208
50213
50222
50239
50249
50271
50280
50312
50319
50341
50366
50368
50369
50381
50383
50393
50394
50407
50427
50437
50442
50461
50465
50473
50481
50481
50492
50521
50536
50548
50552
50552
50564
50571
50578
50582
50586
50590
50598
50599
50600
50606
50614
50627
50627
50630
50635
50636
50664
50688
50690
50699
50711
50716
50750
50753
50778
50817
50836
50838
50910
50949
50989
51023
51036
51053
51093
51093
51103
51143
51153
51173
51175
51175
51196
51203
51210
51215
51229
51230
51232
51248
51279
51290
51302
51303
51309
51309
51314
51337
51337
51348
51361
51367
51370
51398
51421
51431
51440
51440
51474
51474
51492
51497
51509
51559
51561
51563
51571
51572
51599
51606
51607
51617
51618
51622
51642
51664
51678
51696
51711
51736
51740
51743
51761
51762
51767
51811
51840
51846
51853
51862
51869
51869
51877
51888
51911
51914
51918
51920
51925
51933
51952
51966
51986
51990
51993
52021
52025
52049
52057
52069
52086
52123
52124
52128
52130
52157
52161
52217
52236
52251
52260
52290
52292
52299
52303
52324
52327
52342
52350
52367
52381
52400
52403
52418
52445
52455
52479
52489
52527
52556
52557
52565
52583
52590
52596
52603
52603
52611
52623
52633
52636
52640
52664
52674
52682
52685
52693
52701
52703
52713
52719
52723
52729
52732
52740
52743
52817
52821
52829
52831
52839
52857
52866
52910
52923
52925
52949
52949
52959
52965
52983
52998
53016
53041
53059
53083
53101
53101
53110
53117
53131
53134
53135
53191
53212
53229
53231
53243
53249
53260
53271
53279
53284
53295
53297
53306
53306
53308
53321
53350
53377
53391
53395
53396
53407
53436
53465
53489
53522
53526
53527
53530
53536
53540
53557
53559
53572
53589
53596
53609
53631
53631
53662
53683
53703
53706
53708
53711
53712
53768
53791
53794
53818
53840
53844
53850
53850
53863
53868
53871
53877
53883
53891
53907
53916
53921
53922
53947
53973
53980
54055
54076
54119
54120
54124
54125
54128
54156
54166
54171
54181
54194
54205
54213
54220
54232
54256
54274
54274
54281
54281
54291
54313
54340
54340
54361
54462
54480
54487
54505
54513
54515
54531
54576
54578
54579
54582
54592
54609
54610
54621
54633
54653
54660
54660
54685
54720
54732
54738
54745
54748
54762
54771
54779
54786
54794
54803
54828
54832
54836
54849
54855
54859
54885
54889
54899
54919
54924
55007
55019
55022
55025
55049
55051
55073
55080
55083
55100
55105
55106
55115
55117
55129
55130
55136
55201
55243
55247
55249
55292
55301
55311
55334
55338
55354
55369
55371
55378
55379
55386
55401
55404
55446
55455
55478
55485
55496
55504
55507
55526
55528
55545
55549
55555
55578
55587
55609
55633
55651
55655
55673
55674
55679
55723
55737
55740
55741
55742
55766
55771
55789
55792
55817
55820
55838
55855
55860
55874
55875
55877
55883
55891
55891
55907
55918
55920
55925
55927
55930
55942
55946
55947
55960
55975
55983
56004
56006
56023
56028
56050
56072
56074
56083
56093
56096
56111
56112
56117
56123
56134
56146
56152
56165
56183
56197
56198
56227
56243
56264
56268
56296
56301
56339
56358
56362
56366
56389
56395
56402
56404
56411
56419
56420
56421
56426
56469
56472
56519
56520
56534
56539
56545
56554
56576
56585
56588
56596
56606
56617
56626
56634
56649
56651
56656
56677
56704
56708
56717
56771
56777
56787
56806
56819
56820
56821
56827
56847
56885
56903
56904
56904
56920
56925
56927
56954
56994
57053
57058
57070
57079
57081
57097
57114
57136
57140
57143
57149
57168
57174
57179
57194
57200
57203
57204
57231
57233
57235
57245
57253
57254
57258
57272
57284
57300
57301
57306
57308
57309
57323
57343
57344
57345
57345
57346
57375
57377
57401
57416
57422
57434
57436
57490
57492
57533
57546
57549
57555
57571
57603
57609
57614
57636
57662
57675
57693
57721
57757
57777
57783
57785
57785
57816
57834
57838
57853
57861
57877
57889
57938
57944
57964
57964
57970
57971
58027
58046
58060
58091
58096
58097
58100
58148
58164
58165
58216
58223
58227
58264
58279
58286
58296
58305
58343
58375
58386
58388
58397
58398
58402
58409
58418
58433
58434
58439
58439
58453
58481
58486
58506
58524
58524
58528
58534
58541
58551
58563
58565
58577
58603
58603
58608
58627
58663
58678
58683
58692
58692
58706
58711
58713
58718
58726
58730
58739
58768
58784
58794
58825
58827
58844
58863
58885
58885
58888
58889
58912
58915
58926
58926
58957
58998
59015
59019
59023
59046
59059
59063
59064
59077
59091
59152
59188
59190
59198
59202
59204
59214
59231
59240
59255
59273
59286
59299
59311
59317
59324
59326
59357
59398
59400
59400
59402
59414
59440
59457
59463
59467
59492
59506
59508
59521
59586
59590
59594
59603
59610
59623
59625
59628
59632
59632
59632
59648
59664
59671
59673
59675
59686
59711
59731
59737
59743
59771
59788
59809
59814
59821
59826
59837
59838
59845
59862
59865
59875
59892
59897
59912
59966
59971
60008
60015
60032
60076
60106
60126
60137
60149
60153
60156
60159
60203
60216
60234
60243
60250
60252
60267
60268
60284
60289
60295
60302
60304
60325
60363
60374
60430
60432
60450
60468
60472
60486
60488
60510
60520
60536
60557
60558
60559
60562
60562
60563
60576
60655
60675
60700
60701
60726
60744
60750
60754
60765
60772
60775
60791
60792
60829
60835
60836
60837
60843
60850
60853
60861
60878
60880
60883
60889
60891
60910
60934
60937
60960
60968
60974
60975
60990
61004
61017
61067
61104
61132
61136
61138
61139
61143
61158
61168
61186
61204
61231
61233
61254
61278
61280
61301
61330
61338
61351
61374
61387
61402
61413
61427
61450
61452
61465
61485
61498
61511
61533
61535
61570
61571
61580
61613
61615
61620
61640
61641
61664
61668
61669
61712
61720
61726
61735
61743
61747
61761
61769
61794
61800
61812
61839
61842
61856
61870
61899
61919
61925
61974
61978
61988
61993
62019
62025
62032
62037
62040
62051
62087
62096
62099
62116
62123
62129
62129
62132
62151
62153
62168
62169
62234
62242
62247
62277
62287
62294
62302
62319
62326
62338
62368
62389
62391
62408
62409
62410
62430
62453
62457
62460
62469
62478
62522
62533
62546
62550
62559
62573
62579
62594
62622
62685
62690
62713
62715
62719
62740
62753
62783
62825
62856
62861
62877
62881
62888
62911
62916
62918
62932
62935
62940
62943
62964
62972
62981
62996
63054
63064
63074
63074
63093
63106
63159
63172
63197
63235
63241
63252
63259
63275
63275
63299
63304
63312
63319
63325
63330
63363
63373
63384
63396
63399
63403
63433
63435
63438
63454
63480
63482
63484
63487
63494
63521
63524
63532
63536
63542
63545
63565
63571
63574
63582
63636
63637
63639
63640
63640
63645
63666
63693
63737
63770
63772
63776
63799
63809
63813
63821
63823
63847
63847
63874
63890
63904
63929
63930
63952
63961
63979
63979
63992
63993
64004
64012
64013
64024
64040
64054
64057
64067
64070
64089
64102
64117
64145
64151
64162
64168
64178
64185
64187
64198
64209
64219
64231
64237
64273
64278
64318
64345
64352
64366
64390
64402
64435
64446
64465
64486
64491
64497
64501
64501
64520
64525
64528
64531
64565
64596
64603
64608
64619
64642
64649
64666
64671
64673
64688
64692
64696
64707
64712
64714
64731
64732
64754
64757
64771
64776
64815
64816
64819
64826
64827
64872
64872
64874
64883
64920
64935
64952
64958
64967
64971
64973
64988
64998
65000
65032
65068
65079
65098
65125
65131
65142
65149
65159
65167
65172
65175
65178
65189
65192
65192
65200
65204
65209
65218
65237
65239
65251
65278
65285
65294
65313
65334
65346
65361
65378
65384
65387
65399
65423
65436
65442
65443
65459
65473
65484
65517
65523
65545
65558
65580
65608
65608
65637
65658
65689
65698
65710
65712
65713
65726
65752
65754
65759
65767
65782
65786
65803
65813
65815
65818
65818
65824
65835
65853
65857
65875
65877
65887
65900
65903
65906
65932
65968
65971
65978
65992
65995
66014
66029
66042
66049
66107
66156
66169
66212
66244
66250
66260
66265
66271
66279
66280
66285
66310
66316
66358
66370
66378
66389
66404
66408
66445
66450
66453
66456
66460
66499
66504
66540
66544
66557
66563
66573
66580
66582
66586
66612
66625
66688
66707
66730
66772
66783
66784
66796
66805
66842
66851
66851
66867
66888
66889
66925
66932
66987
66996
67012
67024
67029
67032
67044
67065
67089
67109
67117
67123
67128
67128
67134
67145
67152
67154
67159
67173
67173
67197
67200
67203
67205
67220
67223
67238
67250
67252
67268
67321
67331
67335
67357
67364
67367
67368
67375
67378
67413
67417
67422
67433
67454
67465
67496
67523
67548
67551
67561
67597
67619
67627
67644
67655
67678
67684
67696
67700
67727
67760
67771
67784
67820
67821
67858
67871
67888
67903
67917
67919
67921
67921
67928
67977
67991
67998
68001
68023
68025
68026
68033
68049
68058
68097
68108
68128
68130
68141
68162
68168
68180
68181
68183
68194
68219
68221
68234
68251
68253
68258
68268
68273
68278
68288
68301
68316
68331
68333
68335
68364
68369
68417
68438
68454
68455
68463
68469
68504
68504
68523
68531
68539
68545
68562
68572
68579
68580
68583
68586
68620
68624
68636
68640
68647
68667
68669
68712
68725
68743
68751
68758
68774
68776
68806
68813
68815
68820
68822
68826
68826
68845
68846
68860
68864
68874
68894
68912
68916
68934
68954
68980
68982
68984
68996
68996
69000
69045
69048
69061
69068
69126
69145
69161
69199
69200
69201
69208
69228
69255
69259
69282
69286
69287
69297
69325
69334
69334
69338
69355
69358
69375
69394
69424
69429
69443
69455
69498
69499
69520
69521
69545
69555
69591
69603
69604
69608
69629
69630
69667
69701
69705
69714
69718
69728
69733
69751
69758
69794
69810
69814
69817
69825
69855
69860
69871
69901
69948
69963
69964
69975
69986
69991
69997
70010
70012
70019
70032
70049
70062
70063
70080
70110
70131
70166
70168
70201
70208
70210
70246
70248
70254
70258
70259
70271
70300
70308
70323
70328
70355
70388
70398
70404
70423
70432
70457
70477
70477
70482
70482
70489
70492
70493
70501
70544
70560
70573
70582
70585
70599
70605
70632
70645
70661
70681
70698
70700
70715
70730
70748
70755
70759
70799
70814
70824
70827
70830
70835
70835
70872
70878
70893
70896
70900
70902
70924
70942
70947
70947
70955
70962
70995
70998
71007
71069
71092
71095
71096
71096
71118
71166
71180
71184
71192
71211
71218
71222
71241
71241
71250
71256
71276
71289
71289
71321
71330
71352
71355
71358
71368
71376
71399
71421
71436
71436
71439
71448
71458
71469
71470
71470
71491
71507
71512
71513
71529
71539
71546
71546
71553
71564
71573
71573
71574
71592
71637
71644
71661
71684
71697
71705
71729
71729
71737
71755
71757
71757
71776
71787
71810
71816
71841
71854
71875
71879
71889
71894
71898
71903
71933
71939
71947
71953
71958
71958
71978
72047
72062
72072
72083
72099
72100
72110
72114
72128
72135
72142
72150
72167
72184
72185
72202
72218
72237
72241
72251
72252
72258
72269
72282
72314
72322
72331
72336
72338
72355
72376
72377
72404
72404
72431
72436
72446
72469
72476
72485
72502
72506
72538
72539
72559
72592
72598
72610
72638
72648
72670
72706
72711
72716
72723
72729
72733
72738
72753
72759
72781
72786
72794
72802
72875
72876
72894
72895
72911
72917
72925
72928
72929
72946
72951
72963
72975
72984
72991
72991
73004
73022
73026
73037
73037
73039
73079
73081
73115
73156
73165
73167
73177
73177
73179
73192
73200
73207
73211
73211
73221
73236
73250
73260
73266
73284
73288
73312
73320
73326
73337
73345
73345
73356
73358
73369
73376
73381
73391
73402
73403
73434
73448
73454
73473
73489
73515
73527
73536
73540
73559
73623
73629
73636
73644
73654
73658
73659
73663
73663
73686
73695
73707
73715
73719
73722
73732
73732
73740
73749
73753
73757
73759
73760
73822
73830
73849
73850
73860
73911
73919
73952
73956
73973
73974
73990
73991
73998
74031
74040
74041
74048
74051
74055
74061
74077
74078
74087
74115
74152
74182
74219
74240
74245
74263
74263
74274
74283
74285
74286
74300
74307
74309
74314
74334
74352
74362
74368
74383
74392
74396
74408
74416
74450
74487
74499
74538
74550
74558
74568
74569
74588
74597
74598
74608
74618
74618
74621
74630
74638
74654
74663
74676
74689
74699
74704
74709
74713
74718
74736
74750
74758
74776
74778
74784
74802
74807
74818
74844
74850
74869
74917
74922
74939
74953
74966
74969
74974
74994
74998
74998
75053
75074
75119
75125
75134
75163
75184
75205
75259
75276
75281
75282
75296
75301
75305
75309
75321
75322
75323
75350
75353
75388
75424
75431
75433
75444
75453
75464
75474
75521
75526
75530
75535
75547
75561
75562
75563
75566
75583
75595
75610
75621
75645
75650
75670
75680
75691
75692
75716
75723
75736
75744
75759
75764
75773
75774
75781
75784
75790
75792
75855
75864
75871
75880
75897
75947
75956
75961
75976
75988
75996
76001
76004
76025
76050
76050
76081
76086
76088
76113
76138
76144
76170
76183
76199
76206
76209
76213
76231
76237
76237
76256
76269
76275
76278
76286
76297
76303
76312
76327
76330
76373
76388
76389
76399
76430
76432
76433
76433
76434
76569
76585
76602
76604
76609
76612
76617
76627
76651
76651
76660
76685
76690
76690
76700
76708
76709
76721
76755
76762
76801
76802
76803
76804
76809
76811
76829
76832
76857
76881
76889
76907
76932
76946
76953
76956
76982
76994
76997
77011
77016
77025
77031
77038
77051
77054
77058
77067
77070
77106
77110
77116
77118
77119
77127
77127
77140
77142
77145
77154
77155
77164
77171
77172
77178
77206
77224
77227
77237
77239
77239
77240
77241
77246
77253
77257
77258
77268
77269
77292
77338
77348
77350
77363
77368
77369
77416
77418
77423
77459
77484
77490
77495
77495
77497
77502
77521
77521
77533
77537
77544
77549
77565
77574
77575
77607
77610
77631
77638
77657
77664
77707
77713
77725
77733
77740
77746
77769
77776
77815
77852
77878
77878
77881
77899
77905
77931
77944
77963
77973
77975
77980
77981
77988
78001
78010
78016
78033
78039
78059
78065
78074
78075
78076
78077
78087
78094
78120
78121
78125
78143
78148
78171
78179
78228
78230
78238
78240
78241
78244
78259
78267
78299
78323
78327
78338
78344
78359
78373
78385
78400
78412
78438
78439
78456
78478
78484
78485
78489
78502
78508
78512
78517
78549
78563
78568
78643
78681
78695
78731
78748
78758
78765
78768
78781
78813
78827
78853
78884
78894
78903
78909
78916
78918
78922
78926
78962
78962
78971
78998
79012
79018
79020
79025
79033
79048
79049
79056
79075
79091
79134
79138
79140
79151
79178
79186
79192
79196
79205
79213
79215
79218
79232
79237
79254
79257
79270
79275
79292
79295
79302
79328
79341
79345
79350
79368
79389
79429
79430
79433
79439
79444
79456
79480
79488
79490
79491
79512
79532
79548
79556
79573
79612
79654
79659
79660
79677
79679
79685
79704
79705
79760
79792
79804
79805
79806
79840
79861
79870
79883
79901
79917
79927
79931
79940
79946
79953
79954
79956
79957
79960
79989
79999
80016
80040
80041
80046
80061
80077
80099
80102
80126
80184
80188
80190
80229
80231
80249
80254
80266
80266
80271
80276
80278
80294
80302
80306
80308
80356
80366
80368
80390
80417
80454
80487
80487
80520
80521
80522
80527
80562
80616
80619
80631
80634
80635
80637
80640
80644
80682
80694
80706
80711
80721
80750
80758
80761
80763
80771
80796
80810
80841
80842
80865
80886
80907
80917
80919
80934
80948
80955
80961
80966
80975
80978
81007
81025
81033
81073
81075
81090
81095
81112
81121
81129
81133
81145
81158
81179
81184
81207
81214
81222
81223
81238
81239
81270
81279
81285
81288
81289
81294
81309
81315
81320
81342
81343
81356
81359
81365
81372
81377
81379
81422
81444
81458
81464
81491
81491
81498
81504
81506
81552
81563
81565
81573
81574
81596
81599
81609
81683
81691
81702
81717
81720
81756
81786
81801
81802
81820
81836
81856
81857
81898
81916
81932
81956
81959
81968
81975
82024
82032
82033
82040
82042
82045
82045
82104
82123
82165
82190
82216
82219
82228
82266
82271
82274
82293
82298
82306
82325
82326
82353
82354
82357
82363
82404
82406
82432
82433
82448
82451
82460
82497
82508
82509
82514
82540
82549
82555
82561
82568
82575
82596
82603
82612
82627
82629
82629
82646
82650
82656
82692
82701
82727
82735
82745
82761
82767
82778
82780
82781
82801
82811
82816
82817
82847
82853
82855
82866
82867
82891
82891
82895
82934
82935
82955
82959
82965
82973
82976
82982
82999
83000
83001
83002
83003
83008
83021
83044
83053
83062
83067
83089
83091
83099
83100
83143
83145
83186
83206
83226
83235
83253
83268
83272
83279
83280
83282
83289
83298
83299
83343
83377
83386
83408
83425
83426
83454
83456
83467
83476
83497
83499
83550
83581
83608
83609
83621
83623
83641
83641
83644
83683
83684
83686
83699
83702
83702
83721
83739
83753
83760
83771
83780
83785
83790
83792
83797
83798
83812
83815
83833
83859
83860
83867
83877
83898
83919
83953
84011
84013
84025
84034
84061
84074
84111
84116
84130
84163
84176
84176
84197
84203
84211
84218
84256
84263
84291
84297
84302
84306
84310
84322
84359
84377
84383
84383
84400
84418
84421
84439
84443
84448
84476
84482
84495
84497
84498
84503
84519
84523
84551
84552
84565
84580
84596
84597
84607
84612
84614
84615
84619
84620
84643
84651
84693
84696
84700
84715
84722
84749
84754
84768
84772
84773
84790
84792
84821
84837
84853
84929
84942
84970
85027
85028
85051
85065
85084
85122
85126
85133
85136
85194
85197
85203
85221
85228
85234
85265
85269
85290
85311
85330
85345
85362
85369
85387
85389
85394
85402
85409
85416
85426
85470
85513
85531
85572
85577
85597
85600
85603
85638
85649
85661
85677
85689
85697
85736
85738
85744
85780
85809
85812
85838
85840
85863
85875
85877
85883
85895
85900
85903
85910
85912
85914
85944
85964
85974
85981
85986
86002
86022
86044
86075
86080
86109
86115
86121
86136
86142
86143
86157
86166
86174
86175
86188
86198
86200
86216
86219
86224
86232
86235
86248
86252
86273
86287
86288
86293
86314
86326
86327
86328
86346
86349
86353
86358
86408
86408
86427
86435
86437
86457
86462
86469
86538
86541
86552
86583
86590
86604
86609
86612
86634
86644
86664
86680
86685
86698
86706
86718
86731
86745
86759
86772
86772
86772
86807
86816
86836
86850
86865
86879
86893
86899
86905
86908
86947
86963
86970
86977
86998
86999
87003
87005
87025
87040
87042
87048
87058
87068
87077
87079
87115
87138
87140
87148
87165
87177
87179
87201
87221
87226
87227
87227
87245
87256
87262
87278
87303
87321
87325
87328
87340
87361
87396
87418
87429
87448
87462
87512
87517
87521
87525
87558
87561
87592
87592
87606
87615
87618
87624
87646
87661
87667
87669
87724
87744
87744
87773
87774
87788
87815
87835
87836
87839
87842
87843
87846
87887
87918
87918
87941
87999
88029
88083
88689
88773
88933
89448
89667
90067
90095
90241
90704
91166
91268
91722
91858
91882
92105
92854
92885
94410
94727
95048
95389
95454
95670
95761
96232
96678
96862
97299
97945
98232
98298
98312
98526
98579
98821
98952
99625
100130
100176
100248
100297
100551
101624
101885
101915
101988
102527
102600
102633
102760
103248
104405
104480
104533
104604
105344
105597
105754
105815
105834
105976
106078
106190
106992
107165
107759
107898
108106
108183
108796
108926
109132
109279
109390
110639
111631
111640
112043
112217
112555
112574
113105
113211
113751
113840
114302
114719
115277
115289
115603
115908
116227
116658
117612
118253
118361
118636
118796
119807
119872
120217
121166
121329
121624
121977
122110
122700
123080
123177
123464
124202
124382
124502
124782
126001
126114
126329
126628
126911
127275
127332
127558
127647
127694
127743
128188
129338
129873
130023
130266
130919
130980
131145
131385
131397
131753
132660
133040
133236
133340
133656
134097
134633
134725
135495
135521
136251
136465
137516
137598
137884
137927
138280
138873
139870
140371
141238
141694
142607
142676
143014
143055
143203
143516
143777
144492
147136
147365
147510
147586
147810
148067
148109
148845
148939
149459
150010
150242
150535
151036
151202
151316
151367
151538
151629
152728
152770
152956
153045
154003
154590
154718
155460
155795
156686
157731
157934
158844
159042
159146
159153
159158
159563
159925
160629
160732
160946
162168
162180
162229
163206
163747
163862
164366
164802
165020
165075
165669
165711
165781
165855
166202
167318
168182
168314
168340
168710
169245
169504
169579
169670
170430
171593
171942
172840
173082
173185
173467
173591
173660
173698
173872
174958
175050
175287
175494
176353
178216
179612
180338
180402
181020
181207
181972
182180
182266
182730
183147
183157
183586
183788
186389
186670
187937
187998
188635
190263
190486
190487
190910
191086
191938
192665
193895
194419
195767
196815
197132
197712
197843
198189
198468
198599
199934
201074
201261
202042
202048
203140
203755
204346
204443
204533
205543
206908
209151
210055
210566
211537
211801
212977
213219
215284
216150
216572
216586
217981
219325
219755
219916
220943
221007
221283
221721
221890
222067
222074
222837
225709
227397
228927
229222
229538
230356
230689
232712
234198
234214
234498
234909
237436
237909
238107
238868
239311
242569
244409
245339
245794
246333
247305
247933
248058
248757
249854
251207
251225
254769
256451
257538
258791
259103
260292
261186
263214
263231
263612
263799
266744
270262
272463
273018
273355
274613
275101
287319
289256
289445
289503
291330
292226
292266
292616
292753
296289
296689
297342
297869
298195
300329
302226
303093
303999
306979
309742
315128
316240
316267
318303
319670
322125
326541
328545
329489
329574
331020
331084
331241
333427
339647
340088
340365
343355
348189
350810
350912
352300
352818
352861
354425
354853
355125
358263
360416
360778
361695
362236
365236
365738
366328
366485
368805
368823
369203
370073
370789
371467
371871
371983
372778
373052
375018
375112
375579
376485
377023
380290
382234
383915
384626
389287
390235
390487
390954
392730
393906
394053
394725
395916
396403
396635
398421
398584
398675
401300
401949
403286
404030
406948
407086
408318
409995
411478
411973
412064
413203
413537
414969
415263
416953
420678
421456
422009
424091
424619
425612
428670
430210
430926
431512
432021
432034
432570
434654
437103
439058
440670
442187
442587
443006
444012
444333
444922
446422
447405
448181
451037
452594
452778
454124
456263
459561
460097
460794
461270
462945
464471
464896
465740
466323
469311
471798
471965
473756
475868
475937
476146
477256
479017
480071
481928
482076
482696
483727
486958
488397
491810
495737
500357
502006
506064
508851
508942
509711
510224
512952
513836
515074
517414
519346
519624
520092
521477
521672
521746
524378
526485
526874
527879
527884
528561
529223
533580
540019
546320
546367
549376
549944
553355
553580
554340
555275
556741
559882
561677
566209
569660
570107
570244
571233
572096
574733
581657
583510
584053
589952
591866
596997
597360
598678
602529
607579
621947
624545
630409
656972
686862
690865
695050
695752
704132
710535
719387
739994
755459
775693
781509
785176
795782
797267
797837
798525
813045
814749
843155
871972
882154
889517
892104
899279
907555
908109
918347
922334
926619
933468
937670
940470
940609
947627
951198
957109
969171
971950
973315
974568
975222
975366
975518
976596
976907
977897
978276
978368
980286
981014
981858
981906
983115
984827
986288
991349
991828
993217
993851
994198
994602
994946
999517
1000209
1000424
1001775
1003831
1004172
1005838
1008312
1008382
1008849
1012811
1014974
1015041
1015213
1015282
1015609
1015847
1016623
1017318
1017807
1019577
1020103
1024160
1024504
1024860
1027313
1027810
1029423
1030045
1030047
1031774
1033527
1034905
1035526
1036483
1037188
1038590
1038860
1038875
1040440
1041008
1041687
1044299
1044305
1044320
1045792
1046873
1048861
1050858
1051003
1051349
1052061
1052070
1052688
1153516
1154673
1163252
1170677
1171087
1187371
1194473
1217570
1256738
1261523
1277522
1285146
1301627
1304665
1311926
1314543
1331861
1338388
1341879
1344376
1348906
1349153
1349422
1351044
1362835
1375324
1379796
1393386
1396719
1399566
1401079
1404714
1417385
1417794
1431594
1457080
1475659
1478777
1486859
1490631
1532228
1540138
1550025
1564763
1570539
1570933
1576397
1579414
1595319
1598735
1618559
1624946
1632281
1655611
1660875
1663010
1679204
1679204
1686992
1688849
1689180
1690958
1695263
1697369
1697612
1706638
1707470
1708451
1708484
1708944
1717391
1726025
1732352
1740478
1743229
1748043
1750163
1750211
1752913
1759243
1762990
1780960
1786266
1787490
1791353
1800223
1810684
1830224
1849669
1874076
1885544
1886911
1898686
1912752
1924894
1931622
1944356
1945185
1946025
1946417
1960832
1961503
1972506
1986976
1989614
1992568
1992643
1995609
2001554
2005286
2006247
2008102
2029719
2044923
2053342
2057754
2062985
2091698
2094147
2095767
2116271
2122143
2122739
2129460
2130476
2146803
2158074
2187545
2480213
2481473
2492967
2505130
2534155
2541409
2548294
2549741
2558948
2560164
2573029
2577820
2581918
2588819
2589571
2592521
2596475
2598597
2601951
2605186
2605741
2611847
2612206
2614077
2617634
2620903
2623543
2625877
2630009
2630483
2631821
2638321
2646985
2652223
2688004
2708105
2709283
2710577
2719865
2725431
2728023
2744734
2756299
2763054
2771134
2771238
2778529
2781070
2782874
2785602
2793603
2796005
2797374
2800544
2804657
2808562
2819165
2824682
2826974
2828788
2837712
2838064
2840621
2841174
2846764
2854722
2859062
2873191
2885568
2886501
2895238
2899082
2905646
2907685
2907738
2908461
2914009
2918756
2920290
2925493
2928139
2929310
2929947
2932731
2933122
2939582
2952608
2961867
2965062
2968470
2972452
2979213
2983442
2986393
2987242
2988820
2994996
3000359
3002997
3006582
3008080
3014101
3020211
3027131
3031962
3053238
3054737
3056402
3058568
3059556
3067329
3073770
3168503
3174102
3190668
3200353
3206189
3210374
3233740
3255847
3260229
3262050
3263183
3295608
3295611
3326749
3333010
3334845
3366895
3366983
3371673
3381624
3385405
3392538
3414477
3420478
3433295
3438844
3443108
3458167
3464522
3469242
3484708
3502986
3610019
3648634
3654197
3665920
3670837
3672232
3672955
3674892
3880343
3888132
3903752
3931593
3933886
3934265
3938144
3941937
4060008
4070269
4080286
4085018
4087542
4090029
4095923
4099932
4099936
4102645
4104107
4108599
4117164
4118349
4125663
4128138
4843597
4843983
4853536
4879951
4890675
4897008
4906129
4915234
4933125
4958670
4969788
4970596
4971482
4979009
4986868
5011736
5294748
5300591
5300769
5309455
5326200
5333338
5338037
5343899
5559968
5567734
5575082
5584864
5597595
5607884
5612861
5614437
5811088
5818819
5826698
5844611
5846423
5863610
5882094
5887749
5899625
5902724
5917220
5924361
5928854
5940354
5967805
5976876
5984102
5988141
5998397
6008026
6017572
6019087
6048501
6065362
6518595
6527747
6531427
6543470
6578132
6584335
6585559
6589219
6866690
6873074
6885933
6898920
6928661
6944674
6948073
6950929
8196884
8199866
8227243
8230271
8249138
8251750
8257961
8266866
8282651
8283021
8322027
8332913
8339368
8342035
8342824
8351211
8712362
8712879
8717990
8734665
8755114
8762542
8783360
8799680