34
35
100
102
108
109
116
155
170
185
189
206
228
232
270
284
319
350
350
369
432
460
527
548
585
593
681
694
730
739
743
765
768
795
806
822
827
832
876
899
903
915
922
927
1010
1029
1032
1064
1084
1086
1109
1118
1140
1142
1158
1175
1216
1237
1260
1269
1328
1361
1363
1406
1413
1444
1448
1451
1473
1485
1523
1523
1537
1585
1593
1626
1628
1628
1642
1688
1689
1709
1735
1759
1769
1776
1812
1831
1842
1849
1859
1957
1958
2011
2011
2040
2049
2049
2058
2060
2078
2101
2112
2117
2117
2143
2185
2196
2250
2261
2264
2282
2288
2308
2317
2345
2402
2420
2428
2434
2450
2506
2509
2520
2522
2548
2567
2593
2621
2633
2634
2654
2670
2733
2793
2804
2839
2844
2847
2873
2875
2884
2910
2922
2927
2960
2964
2995
3001
3005
3007
3053
3109
3136
3143
3159
3164
3194
3198
3202
3269
3288
3292
3300
3311
3378
3384
3461
3467
3479
3481
3483
3515
3516
3573
3598
3604
3633
3635
3650
3654
3671
3681
3697
3734
3752
3767
3787
3800
3804
3806
3823
3855
3860
3893
3904
3914
3947
3983
3985
4001
4071
4109
4148
4166
4182
4186
4215
4217
4281
4301
4346
4351
4354
4361
4365
4369
4390
4399
4450
4466
4478
4506
4530
4560
4563
4595
4606
4608
4612
4645
4648
4672
4677
4680
4688
4745
4762
4765
4773
4778
4787
4788
4806
4813
4820
4842
4844
4856
4885
4908
4910
4920
4924
4957
4968
4975
5017
5049
5133
5162
5168
5171
5184
5268
5310
5317
5357
5362
5372
5382
5428
5431
5445
5449
5449
5480
5624
5706
5722
5731
5739
5746
5759
5763
5855
5908
5924
5930
5934
5975
5985
5995
6001
6003
6034
6048
6068
6094
6129
6135
6171
6173
6267
6343
6348
6374
6381
6384
6439
6441
6469
6471
6500
6503
6528
6545
6618
6624
6637
6679
6687
6694
6710
6711
6755
6761
6765
6767
6806
6822
6826
6850
6852
6853
6855
6876
6903
6932
6957
7021
7022
7068
7080
7142
7174
7177
7196
7205
7215
7219
7225
7238
7238
7242
7258
7299
7342
7344
7347
7353
7373
7377
7378
7388
7401
7414
7432
7460
7475
7501
7515
7530
7549
7567
7572
7609
7623
7623
7683
7689
7757
7772
7777
7780
7805
7840
7857
7859
7890
7908
7919
7937
7962
7965
8011
8017
8022
8047
8056
8114
8133
8158
8165
8170
8211
8212
8221
8249
8308
8334
8347
8360
8375
8411
8451
8499
8513
8514
8523
8530
8531
8545
8570
8593
8594
8595
8618
8622
8662
8702
8721
8725
8772
8787
8794
8802
8806
8806
8818
8833
8840
8852
8885
8887
8945
8956
8977
8982
8984
8998
9037
9086
9102
9242
9246
9248
9283
9313
9317
9323
9344
9346
9371
9401
9414
9441
9445
9453
9466
9471
9479
9490
9505
9516
9523
9535
9557
9611
9631
9651
9658
9693
9712
9725
9730
9732
9744
9763
9770
9781
9805
9820
9839
9868
9879
9938
9953
9956
9973
10097
10206
10267
10269
10276
10280
10308
10341
10367
10383
10403
10445
10457
10516
10531
10539
10600
10603
10631
10635
10639
10643
10702
10706
10721
10735
10739
10783
10784
10811
10830
10836
10880
10887
10930
10932
10966
10973
10974
10991
10994
11005
11027
11138
11141
11147
11170
11217
11247
11263
11343
11371
11448
11449
11451
11464
11506
11514
11578
11613
11670
11676
11692
11710
11729
11740
11793
11803
11925
11942
11946
11969
11969
11973
11983
11992
11994
12009
12030
12035
12039
12041
12061
12117
12175
12197
12201
12205
12225
12236
12252
12260
12276
12291
12342
12351
12373
12381
12398
12409
12439
12440
12448
12453
12501
12514
12521
12547
12552
12554
12569
12619
12651
12654
12708
12740
12811
12845
12853
12879
12883
12884
12938
13019
13022
13030
13050
13066
13077
13093
13102
13119
13180
13213
13226
13234
13241
13248
13272
13317
13338
13345
13357
13368
13370
13388
13402
13429
13446
13495
13512
13537
13545
13581
13610
13640
13661
13695
13727
13751
13752
13756
13764
13784
13825
13928
13952
13961
13963
13986
14035
14063
14089
14122
14130
14153
14180
14185
14202
14247
14247
14256
14289
14301
14321
14376
14387
14461
14484
14511
14590
14600
14698
14725
14738
14744
14746
14775
14779
14793
14803
14820
14846
14960
14975
14985
14993
15008
15017
15039
15051
15052
15070
15071
15086
15100
15101
15102
15111
15149
15162
15170
15187
15233
15301
15302
15316
15334
15341
15358
15397
15418
15426
15481
15528
15563
15631
15653
15732
15744
15777
15834
15835
15899
15913
15934
15947
15952
15961
15991
15996
16016
16017
16045
16057
16102
16121
16138
16216
16268
16273
16278
16278
16304
16342
16355
16365
16365
16366
16369
16406
16450
16453
16458
16463
16485
16515
16524
16556
16600
16612
16613
16624
16648
16666
16674
16695
16697
16704
16705
16705
16738
16747
16751
16785
16882
16895
16926
16946
16946
16948
16957
16961
16965
16966
16978
17056
17071
17075
17076
17082
17090
17101
17128
17155
17201
17229
17236
17265
17266
17267
17272
17284
17317
17345
17365
17385
17398
17417
17448
17463
17483
17506
17509
17521
17528
17531
17542
17548
17568
17575
17580
17613
17655
17705
17771
17775
17776
17833
17842
17844
17849
17876
17899
17914
17918
17941
17953
17965
17966
17987
17987
18006
18007
18022
18066
18090
18099
18116
18144
18148
18234
18237
18245
18259
18282
18293
18303
18338
18349
18356
18377
18383
18389
18404
18416
18424
18495
18522
18528
18590
18596
18600
18635
18636
18642
18654
18684
18701
18733
18736
18749
18766
18785
18788
18809
18834
18904
18914
18928
18941
18945
18945
18952
18987
18996
18997
19000
19002
19009
19034
19049
19051
19075
19091
19115
19120
19126
19151
19162
19166
19170
19182
19185
19233
19286
19320
19324
19342
19350
19406
19414
19428
19453
19479
19493
19512
19512
19538
19563
19586
19629
19651
19672
19700
19701
19702
19717
19720
19744
19863
19866
19899
19923
19938
19939
19983
19992
19994
20015
20044
20063
20074
20107
20116
20120
20123
20139
20157
20167
20210
20213
20262
20285
20317
20334
20337
20381
20445
20466
20479
20525
20560
20563
20614
20631
20641
20641
20643
20645
20651
20673
20689
20709
20716
20753
20808
20821
20832
20863
20867
20895
20897
20902
20978
21034
21077
21100
21135
21144
21149
21158
21163
21177
21190
21237
21237
21240
21255
21260
21283
21322
21323
21335
21337
21352
21363
21402
21519
21531
21593
21596
21648
21651
21699
21707
21733
21736
21747
21753
21765
21798
21802
21820
21821
21822
21959
21985
21990
22023
22075
22081
22087
22087
22110
22115
22169
22170
22172
22204
22229
22319
22323
22341
22352
22369
22375
22392
22437
22437
22461
22482
22514
22525
22571
22598
22644
22666
22667
22719
22761
22840
22850
22853
22872
22883
22890
22897
22911
22930
22938
22961
22970
22977
22992
22992
23050
23089
23107
23180
23180
23204
23246
23248
23295
23302
23329
23334
23342
23368
23382
23383
23390
23416
23460
23468
23488
23492
23519
23540
23576
23602
23665
23673
23739
23744
23758
23822
23837
23881
23891
23917
23953
23960
23961
23985
23989
24010
24038
24061
24075
24081
24093
24102
24113
24152
24153
24179
24207
24239
24254
24254
24254
24257
24261
24269
24288
24320
24337
24339
24341
24374
24386
24414
24430
24462
24538
24549
24555
24598
24611
24622
24632
24667
24675
24684
24725
24744
24751
24772
24805
24822
24829
24854
24861
24864
24874
24886
24903
24929
24947
24947
24949
24961
24963
24973
24980
25001
25018
25024
25050
25057
25075
25157
25177
25186
25201
25215
25223
25243
25262
25294
25297
25319
25326
25349
25363
25385
25389
25420
25434
25435
25456
25457
25469
25474
25489
25491
25538
25546
25568
25583
25601
25628
25637
25637
25654
25703
25718
25729
25730
25761
25790
25792
25793
25840
25871
25920
25944
25951
25976
26045
26048
26050
26054
26082
26085
26094
26100
26135
26137
26166
26190
26197
26234
26292
26329
26338
26342
26400
26414
26421
26426
26445
26451
26455
26461
26481
26484
26492
26512
26519
26598
26603
26635
26679
26679
26770
26790
26795
26816
26817
26828
26830
26840
26872
26894
26963
26997
27016
27027
27036
27084
27089
27090
27120
27121
27215
27246
27263
27270
27290
27298
27303
27341
27385
27396
27404
27412
27421
27566
27585
27594
27610
27616
27623
27636
27644
27687
27693
27701
27710
27743
27757
27775
27800
27812
27839
27850
27855
27890
27912
27951
27963
27974
27982
27989
27994
28016
28055
28097
28102
28117
28123
28157
28171
28182
28205
28246
28279
28297
28308
28334
28391
28400
28404
28431
28465
28475
28484
28520
28523
28536
28553
28561
28575
28605
28611
28657
28663
28700
28732
28733
28737
28741
28744
28744
28770
28773
28781
28797
28813
28823
28830
28840
28841
28863
28864
28893
28902
28926
28931
28983
29013
29015
29018
29083
29151
29185
29225
29281
29305
29319
29328
29337
29373
29390
29396
29403
29630
29664
29695
29699
29702
29742
29772
29786
29801
29858
29889
29918
29943
29967
29989
29991
30002
30019
30023
30052
30063
30111
30139
30144
30153
30160
30174
30176
30180
30225
30228
30233
30239
30262
30288
30303
30320
30333
30342
30353
30361
30362
30365
30395
30413
30422
30432
30434
30460
30494
30504
30541
30543
30630
30632
30641
30648
30709
30736
30753
30774
30786
30793
30798
30806
30807
30852
30874
30987
31079
31101
31140
31141
31142
31164
31192
31202
31216
31330
31333
31333
31379
31408
31420
31445
31450
31458
31495
31514
31527
31531
31546
31573
31573
31578
31584
31588
31598
31601
31625
31637
31643
31658
31686
31735
31755
31766
31792
31793
31794
31799
31807
31843
31850
31859
31867
31868
31875
31900
31920
31967
32033
32051
32068
32087
32088
32092
32128
32165
32199
32230
32273
32282
32295
32295
32300
32313
32420
32453
32473
32524
32546
32553
32564
32591
32674
32757
32775
32791
32807
32809
32813
32871
32883
32891
32900
32919
32923
32928
32935
32935
33052
33062
33111
33118
33153
33163
33187
33195
33198
33203
33231
33234
33261
33289
33306
33310
33314
33328
33333
33339
33349
33400
33409
33458
33466
33466
33492
33534
33537
33538
33558
33570
33570
33589
33597
33611
33611
33633
33641
33647
33678
33743
33745
33752
33754
33772
33808
33847
33871
33909
33912
33958
33969
33972
33988
34004
34025
34045
34056
34059
34086
34093
34142
34142
34159
34173
34173
34189
34249
34307
34343
34398
34410
34455
34518
34527
34530
34534
34555
34561
34563
34576
34647
34658
34721
34745
34781
34864
34871
34885
34898
34931
34999
35023
35029
35038
35057
35061
35084
35122
35124
35167
35177
35188
35199
35246
35266
35291
35340
35351
35365
35399
35399
35409
35444
35463
35466
35480
35503
35518
35554
35560
35569
35612
35616
35651
35657
35688
35688
35716
35718
35722
35730
35760
35768
35773
35808
35818
35826
35829
35834
35834
35869
35928
35937
35944
35956
35963
35984
36035
36062
36064
36066
36106
36140
36147
36153
36173
36208
36234
36260
36261
36280
36292
36294
36295
36296
36311
36323
36328
36332
36340
36347
36372
36381
36475
36475
36504
36526
36538
36538
36589
36595
36595
36615
36691
36701
36704
36709
36716
36717
36720
36727
36742
36771
36827
36840
36897
36904
36952
36975
37018
37098
37122
37126
37137
37202
37250
37253
37300
37325
37342
37373
37374
37395
37407
37408
37424
37451
37452
37479
37481
37482
37509
37534
37539
37606
37609
37632
37658
37665
37740
37786
37857
37918
37932
37977
37983
38006
38011
38030
38042
38047
38066
38080
38086
38088
38094
38113
38154
38264
38287
38318
38330
38368
38387
38391
38410
38419
38426
38426
38427
38429
38459
38500
38501
38524
38535
38560
38571
38584
38591
38593
38595
38644
38664
38712
38738
38749
38759
38802
38875
38875
38877
38894
38963
38966
38992
39007
39026
39029
39057
39059
39102
39104
39115
39136
39156
39157
39175
39185
39201
39207
39213
39217
39218
39238
39241
39253
39256
39265
39276
39289
39296
39313
39313
39326
39347
39352
39392
39415
39421
39462
39469
39488
39495
39509
39516
39546
39553
39565
39641
39677
39688
39703
39704
39712
39718
39737
39738
39768
39772
39779
39834
39854
39908
39919
39937
39960
39981
39982
39991
40005
40073
40103
40120
40144
40175
40198
40217
40243
40275
40280
40296
40297
40340
40359
40362
40420
40434
40446
40462
40479
40495
40521
40532
40555
40602
40634
40672
40678
40775
40779
40779
40800
40825
40915
40961
40962
40986
40996
40997
41004
41017
41053
41064
41071
41072
41075
41109
41143
41179
41203
41252
41288
41328
41369
41385
41424
41431
41479
41482
41497
41500
41507
41512
41514
41517
41547
41549
41600
41610
41619
41621
41628
41640
41641
41692
41705
41714
41719
41735
41753
41786
41811
41898
41917
41921
42020
42043
42080
42103
42104
42108
42109
42112
42130
42134
42144
42149
42176
42191
42191
42198
42232
42233
42238
42253
42280
42285
42287
42319
42344
42355
42358
42377
42387
42397
42404
42419
42437
42442
42442
42450
42497
42505
42518
42523
42548
42557
42558
42591
42607
42618
42637
42642
42649
42702
42745
42756
42771
42789
42794
42825
42948
42954
42956
42977
42982
43042
43057
43089
43105
43107
43130
43131
43160
43169
43180
43206
43219
43230
43239
43250
43280
43294
43345
43357
43359
43403
43413
43442
43467
43472
43478
43488
43495
43510
43511
43519
43549
43567
43578
43594
43610
43616
43651
43651
43657
43711
43717
43744
43748
43791
43804
43810
43830
43880
43927
43937
43955
43957
43961
43999
44057
44080
44103
44124
44127
44133
44214
44221
44300
44300
44301
44323
44416
44435
44439
44478
44492
44498
44532
44539
44545
44557
44565
44576
44578
44585
44626
44634
44645
44653
44656
44659
44708
44731
44743
44755
44756
44778
44779
44782
44794
44800
44816
44874
44877
44879
44925
44943
44959
45024
45042
45047
45079
45118
45132
45163
45163
45183
45186
45225
45257
45266
45290
45331
45362
45365
45373
45381
45382
45395
45444
45451
45461
45464
45499
45562
45577
45604
45605
45617
45625
45628
45657
45660
45664
45672
45677
45685
45709
45716
45717
45813
45826
45851
45866
45882
45885
45888
45901
45917
45935
45940
45946
45953
45966
45968
45969
46009
46009
46048
46084
46116
46123
46126
46130
46170
46207
46207
46211
46214
46220
46251
46251
46257
46264
46273
46297
46310
46327
46335
46347
46357
46391
46402
46466
46477
46515
46531
46557
46558
46559
46583
46604
46638
46663
46664
46692
46751
46761
46808
46841
46846
46847
46849
46874
46885
46933
46973
46975
46998
47003
47010
47027
47047
47069
47102
47110
47116
47135
47172
47189
47258
47260
47270
47320
47336
47362
47398
47426
47427
47447
47465
47488
47513
47516
47551
47552
47562
47679
47737
47743
47744
47756
47801
47813
47851
47878
47887
47895
47899
47918
47921
47933
47942
47944
47953
48020
48027
48042
48055
48079
48086
48093
48108
48110
48117
48118
48143
48151
48182
48192
48201
48257
48261
48273
48281
48351
48355
48389
48392
48411
48416
48441
48441
48443
48453
48493
48510
48518
48521
48528
48547
48553
48564
48564
48569
48587
48623
48686
48695
48716
48727
48735
48749
48752
48782
48805
48871
48873
48886
48906
48913
48924
48938
48974
49048
49052
49114
49145
49154
49166
49175
49184
49197
49219
49314
49342
49352
49365
49375
49440
49492
49512
49516
49541
49541
49544
49554
49594
49595
49626
49641
49702
49731
49748
49788
49874
49913
49941
49942
49951
49967
49985
50007
50021
50024
50027
50029
50055
50080
50086
50104
50108
50199
50251
50297
50303
50317
50367
50377
50380
50392
50397
50414
50416
50455
50472
50532
50598
50601
50628
50675
50683
50688
50696
50699
50716
50726
50727
50743
50754
50769
50773
50808
50834
50841
50856
50874
50923
50933
50951
50955
50964
50972
50972
50984
50993
51006
51008
51025
51047
51099
51103
51141
51162
51209
51214
51242
51262
51275
51294
51311
51380
51405
51415
51446
51498
51550
51562
51568
51568
51582
51598
51637
51666
51689
51700
51727
51730
51731
51736
51746
51750
51754
51757
51796
51873
51887
51925
51926
51958
51979
52002
52009
52030
52042
52057
52102
52108
52114
52117
52120
52154
52159
52160
52202
52206
52207
52239
52317
52350
52369
52385
52392
52410
52431
52447
52466
52467
52488
52498
52521
52525
52561
52563
52578
52586
52597
52633
52639
52659
52670
52744
52822
52841
52865
52874
52906
52913
52959
52972
53008
53020
53024
53041
53045
53060
53096
53098
53104
53145
53155
53160
53165
53180
53192
53220
53232
53234
53247
53309
53335
53336
53359
53359
53365
53475
53492
53505
53519
53542
53579
53612
53627
53647
53655
53659
53694
53737
53749
53752
53764
53892
53901
53908
53914
53923
53924
53928
53957
53959
53993
54017
54020
54036
54044
54047
54087
54162
54170
54185
54211
54231
54244
54301
54315
54315
54324
54364
54390
54416
54421
54444
54450
54490
54510
54510
54544
54656
54731
54748
54759
54759
54776
54783
54785
54788
54834
54917
54929
54933
54948
54963
54973
55011
55085
55099
55114
55156
55208
55211
55259
55276
55296
55302
55303
55317
55321
55335
55368
55380
55389
55397
55488
55498
55535
55566
55571
55579
55586
55610
55615
55684
55687
55688
55701
55725
55755
55771
55792
55828
55875
55896
55923
55937
55939
55963
55981
55984
55994
56095
56172
56238
56292
56307
56318
56360
56389
56457
56472
56523
56537
56582
56608
56636
56639
56662
56677
56792
56831
56860
56867
56897
56901
56943
57026
57034
57078
57109
57200
57259
57261
57273
57292
57303
57318
57330
57353
57386
57436
57439
57444
57451
57463
57485
57493
57515
57516
57530
57530
57556
57574
57594
57610
57636
57659
57662
57694
57705
57726
57729
57742
57744
57756
57773
57779
57796
57804
57821
57822
57834
57835
57859
57889
57891
57898
57901
57913
57926
57938
57941
57944
57967
57968
58046
58097
58122
58230
58285
58289
58304
58314
58315
58338
58383
58416
58486
58495
58495
58496
58503
58504
58504
58537
58567
58607
58610
58635
58653
58655
58664
58665
58667
58693
58733
58742
58747
58751
58753
58754
58756
58786
58796
58855
58895
58906
58911
58920
58933
58964
58965
59005
59035
59054
59063
59090
59094
59104
59111
59115
59124
59125
59130
59134
59154
59174
59210
59216
59231
59238
59249
59257
59280
59300
59317
59317
59323
59333
59341
59396
59397
59416
59418
59452
59479
59544
59595
59645
59664
59665
59672
59691
59698
59760
59765
59784
59807
59808
59816
59839
59866
59874
59903
59915
59927
59949
59982
60048
60056
60084
60100
60105
60116
60123
60134
60151
60160
60248
60278
60279
60288
60296
60332
60343
60362
60373
60384
60389
60392
60393
60413
60434
60445
60451
60504
60549
60554
60560
60586
60589
60615
60616
60643
60666
60689
60693
60735
60744
60778
60783
60816
60818
60831
60840
61040
61042
61055
61096
61098
61101
61110
61153
61171
61186
61206
61207
61250
61258
61324
61332
61338
61407
61442
61478
61485
61486
61498
61498
61499
61499
61557
61572
61577
61594
61631
61673
61698
61703
61721
61722
61734
61738
61758
61766
61825
61843
61855
61864
61867
61873
61945
61948
61950
61960
62050
62054
62161
62174
62233
62278
62319
62334
62335
62363
62378
62386
62394
62395
62399
62423
62449
62476
62526
62544
62545
62587
62621
62631
62651
62659
62665
62760
62766
62766
62814
62846
62875
62880
62882
62904
62918
62948
62955
62993
63016
63019
63024
63032
63041
63075
63094
63104
63106
63120
63142
63145
63222
63233
63239
63246
63246
63257
63328
63336
63386
63390
63399
63423
63426
63445
63501
63579
63669
63671
63681
63689
63716
63717
63752
63795
63796
63822
63832
63904
63913
63968
64063
64115
64146
64150
64159
64168
64185
64221
64263
64274
64307
64315
64317
64322
64342
64385
64389
64393
64400
64413
64426
64428
64445
64460
64462
64469
64557
64574
64588
64608
64641
64667
64672
64744
64795
64815
64836
64838
64907
64921
64923
64929
64940
64962
64963
64965
64974
65000
65012
65016
65030
65054
65086
65089
65108
65124
65145
65207
65225
65262
65262
65288
65296
65366
65400
65407
65427
65432
65443
65494
65495
65505
65529
65544
65547
65563
65574
65578
65595
65601
65629
65629
65634
65707
65771
65829
65837
65864
65868
65878
65914
65927
65981
65987
66004
66046
66090
66106
66125
66143
66163
66170
66185
66201
66238
66256
66265
66270
66271
66276
66298
66298
66333
66333
66333
66335
66379
66403
66410
66412
66466
66528
66534
66544
66572
66577
66610
66621
66657
66658
66660
66663
66748
66765
66766
66787
66805
66829
66850
66860
66864
66893
66902
66934
66972
66981
66985
67008
67041
67058
67068
67070
67085
67088
67140
67159
67169
67203
67216
67231
67271
67282
67362
67367
67429
67432
67445
67457
67517
67542
67589
67603
67617
67640
67642
67664
67670
67701
67730
67742
67797
67810
67816
67833
67847
67873
67938
67939
67977
67977
68001
68061
68097
68110
68111
68172
68219
68251
68260
68263
68276
68288
68298
68303
68318
68321
68334
68356
68358
68368
68378
68382
68413
68450
68456
68524
68527
68542
68618
68625
68632
68700
68728
68738
68742
68753
68769
68806
68814
68862
68890
68971
68984
68998
69066
69074
69083
69103
69141
69160
69183
69227
69241
69251
69264
69267
69283
69283
69300
69306
69393
69411
69419
69462
69505
69545
69565
69575
69588
69609
69627
69629
69630
69632
69637
69648
69658
69661
69662
69689
69712
69770
69842
69893
69895
69931
69945
69957
69962
69968
69975
69979
70010
70015
70018
70024
70033
70044
70069
70111
70116
70124
70134
70159
70178
70210
70236
70253
70278
70283
70296
70327
70362
70369
70375
70385
70399
70459
70485
70508
70517
70519
70521
70534
70564
70573
70618
70621
70670
70703
70709
70712
70714
70726
70730
70737
70740
70750
70756
70767
70828
70922
70957
70971
70987
71017
71029
71048
71055
71068
71076
71080
71091
71131
71155
71185
71198
71201
71215
71314
71331
71342
71345
71352
71415
71421
71474
71492
71540
71561
71563
71565
71571
71573
71586
71612
71615
71618
71622
71663
71679
71736
71740
71742
71745
71752
71768
71774
71774
71784
71789
71792
71795
71801
71809
71810
71833
71852
71878
71897
71908
71933
71937
71957
71961
71974
71984
72002
72008
72047
72057
72059
72066
72067
72069
72096
72103
72139
72145
72201
72223
72244
72252
72258
72271
72277
72285
72298
72305
72345
72353
72377
72378
72381
72395
72427
72447
72451
72480
72482
72493
72494
72530
72530
72576
72593
72613
72618
72637
72653
72668
72694
72750
72752
72788
72794
72833
72839
72912
72937
72944
72953
72974
72982
73003
73017
73037
73083
73127
73132
73132
73139
73150
73161
73175
73185
73214
73219
73258
73278
73297
73332
73352
73397
73410
73418
73418
73424
73446
73454
73489
73514
73536
73569
73571
73579
73589
73612
73613
73618
73620
73633
73659
73665
73666
73677
73681
73760
73788
73811
73814
73828
73829
73844
73872
73892
73904
73904
73905
73965
73966
73998
74004
74035
74045
74062
74077
74117
74120
74127
74166
74192
74200
74211
74216
74225
74236
74242
74255
74256
74259
74260
74297
74305
74367
74375
74414
74460
74484
74485
74519
74521
74527
74530
74540
74587
74589
74593
74610
74637
74648
74651
74666
74714
74726
74762
74765
74780
74852
74855
74902
74904
74926
74930
74972
74980
74983
74984
74998
75010
75015
75050
75067
75073
75087
75133
75146
75172
75182
75194
75220
75236
75244
75311
75378
75410
75433
75463
75480
75480
75483
75497
75509
75560
75560
75594
75597
75606
75630
75631
75648
75651
75654
75656
75659
75665
75676
75747
75758
75780
75795
75851
75927
75933
75970
75974
75987
75993
76031
76056
76102
76139
76140
76160
76182
76183
76254
76264
76287
76300
76313
76328
76355
76364
76371
76374
76425
76494
76494
76496
76500
76500
76530
76560
76578
76597
76628
76633
76692
76702
76705
76774
76780
76823
76883
76885
76887
76904
76912
76943
76963
77002
77011
77019
77029
77037
77060
77167
77180
77189
77193
77198
77217
77226
77240
77266
77266
77293
77297
77308
77309
77322
77324
77346
77363
77389
77422
77430
77504
77516
77538
77542
77545
77561
77575
77630
77656
77658
77675
77691
77757
77771
77777
77821
77821
77831
77834
77835
77888
77888
77930
77936
77938
77961
77967
78017
78020
78022
78025
78045
78049
78068
78076
78109
78113
78113
78147
78152
78154
78156
78159
78160
78161
78177
78198
78198
78200
78211
78251
78293
78299
78307
78325
78345
78348
78364
78388
78392
78426
78446
78455
78469
78483
78513
78537
78553
78572
78588
78593
78628
78652
78674
78676
78704
78711
78734
78771
78771
78785
78802
78809
78829
78839
78862
78866
78901
78915
78917
78958
78975
78976
79001
79007
79017
79044
79059
79079
79087
79088
79102
79117
79132
79135
79151
79164
79190
79195
79219
79221
79232
79270
79271
79274
79277
79299
79302
79330
79358
79375
79380
79397
79401
79403
79411
79426
79451
79457
79515
79522
79534
79543
79552
79566
79633
79742
79744
79757
79765
79855
79921
79924
79937
79947
79959
79988
79989
80039
80043
80046
80063
80119
80135
80155
80175
80178
80182
80199
80201
80209
80218
80237
80242
80273
80298
80377
80437
80447
80513
80576
80583
80611
80631
80634
80657
80666
80674
80676
80708
80757
80805
80835
80838
80858
80874
80890
80930
80951
80958
80959
80965
81009
81014
81043
81045
81079
81092
81100
81106
81132
81145
81146
81164
81174
81180
81212
81216
81229
81230
81242
81253
81284
81352
81422
81438
81439
81514
81534
81558
81578
81651
81674
81681
81685
81692
81717
81738
81771
81772
81776
81779
81805
81851
81859
81885
81904
81921
81936
81949
81986
82032
82053
82061
82062
82077
82078
82089
82127
82134
82143
82149
82152
82155
82208
82216
82233
82255
82258
82263
82273
82282
82289
82298
82299
82339
82345
82365
82402
82420
82435
82435
82446
82449
82468
82512
82512
82595
82614
82636
82638
82647
82760
82841
82858
82886
82908
82945
82972
82991
83112
83122
83126
83133
83140
83193
83195
83200
83207
83220
83257
83261
83279
83289
83327
83342
83370
83392
83399
83400
83448
83455
83468
83487
83502
83502
83502
83523
83571
83572
83572
83592
83603
83615
83633
83639
83642
83646
83655
83677
83718
83842
83888
83890
83894
83932
83951
83963
83979
83988
84027
84059
84078
84144
84149
84156
84169
84215
84226
84242
84251
84274
84286
84345
84358
84368
84376
84413
84496
84524
84526
84534
84585
84593
84611
84634
84670
84781
84845
84847
84877
84922
84938
84943
84956
84966
85004
85006
85012
85017
85064
85088
85133
85141
85155
85162
85211
85220
85248
85251
85255
85279
85311
85324
85366
85373
85381
85408
85458
85471
85475
85483
85484
85518
85553
85564
85564
85577
85578
85600
85606
85636
85648
85649
85655
85663
85668
85694
85719
85739
85741
85772
85780
85805
85807
85820
85822
85849
85869
85871
85904
85912
85916
85989
85992
86001
86021
86029
86067
86085
86132
86158
86168
86292
86334
86342
86373
86373
86377
86379
86400
86417
86424
86436
86463
86469
86469
86471
86482
86490
86526
86551
86656
86683
86698
86741
86748
86779
86810
86832
86905
86923
86942
86960
87004
87033
87034
87038
87123
87139
87248
87251
87252
87285
87298
87309
87342
87413
87426
87442
87448
87448
87465
87478
87488
87503
87512
87517
87549
87616
87624
87624
87628
87642
87653
87658
87671
87693
87697
87699
87718
87758
87771
87795
87818
87849
87855
87859
87956
87969
87977
87986
88008
88398
88401
88669
90277
93823
94740
95615
95722
95966
96725
97678
98554
98601
98788
99488
99680
99965
100344
101017
101398
101641
101686
103035
103602
103629
103723
104816
104963
105377
106481
108452
108924
109294
110830
111239
111413
111569
111912
112577
114952
116311
116395
116455
116761
116852
117129
117693
117967
118369
118532
118916
121039
122053
122151
122280
122379
125116
125416
125791
126746
127055
127651
127896
128213
128507
128558
131122
131207
131605
131704
131765
132583
132702
132726
134002
134950
135942
136458
136484
136554
136641
137348
137692
138284
138473
140178
140546
140940
141299
141778
142042
142285
142289
142365
142524
144045
144188
144897
145188
146964
147244
148478
148886
148951
149722
149998
150386
150585
150816
151036
152208
152997
153180
154045
154344
155044
157429
158229
158389
158876
159291
160218
161354
162231
162405
162571
163314
163916
164451
165152
165541
166907
167537
167835
168637
168694
168945
169886
169954
170712
171465
171491
171690
172839
172860
173050
173415
173902
174070
174423
174799
175097
175233
175777
177692
178404
178769
178836
180418
181277
182281
182847
183753
184012
188336
189593
191672
193101
193506
195846
196041
196812
197130
198609
200809
202584
203539
206512
209449
211207
212439
213314
213986
214399
216350
217257
218178
219759
220056
220477
220615
224295
227027
228644
229651
231075
232468
233814
234431
234480
235121
235575
236184
237433
237836
237923
243288
244731
245446
245651
246006
246992
247129
247625
250888
250911
254319
255109
255491
257893
258688
259258
261143
262685
265396
275317
275406
276877
280046
280847
282755
283996
286240
286393
295342
295807
298407
300053
300059
306851
307776
309699
310936
314230
314596
326760
328879
330363
334226
334810
344988
345131
350007
351653
352878
353388
354505
355606
355813
358243
361049
361200
362131
363912
364329
366939
368566
368822
370932
372974
372991
373798
373837
378823
381575
381849
381880
382356
382428
386311
388163
390604
392012
393797
397627
397714
400425
406950
408000
408828
411817
415343
417690
418752
419869
420112
421893
422647
423274
427120
435371
436046
437094
437800
440257
443845
445303
449419
450377
452295
453758
455252
459944
460206
464413
467401
468732
468826
470105
471140
477417
480122
480521
480795
486900
491641
491755
492813
494473
494814
499329
500041
504837
506656
510442
510729
512326
512356
512855
513808
517289
519121
521641
523483
529055
536209
545740
545918
545959
547667
551335
555414
558232
562462
565321
574017
576142
578168
589576
589651
593487
595351
596215
607875
631266
646297
657627
690872
691650
750432
763428
772051
779046
789518
797353
803559
806718
821365
870133
895348
910674
913314
934810
937853
939756
939966
943888
946458
956367
970441
970776
971892
974412
974857
974921
976755
985671
987861
989057
990765
993180
993654
997117
998467
1000709
1001543
1005751
1011044
1012079
1013714
1015121
1015354
1016379
1018922
1020056
1021433
1023682
1029829
1033931
1034570
1036965
1038980
1040910
1042389
1044343
1044584
1044683
1046292
1046386
1046891
1048718
1050167
1050263
1052163
1052422
1052644
1052655
1052860
1053640
1176227
1197467
1212572
1219700
1227304
1253824
1260468
1263559
1266994
1287322
1324256
1329245
1335105
1337849
1369002
1382868
1383179
1391156
1398378
1407383
1409514
1439671
1448675
1467170
1495431
1520126
1529007
1556063
1577530
1580940
1609129
1609493
1620370
1649962
1666492
1685094
1690718
1695181
1696391
1697363
1698543
1701233
1704498
1715617
1717910
1724371
1741882
1743848
1754572
1756977
1779725
1786469
1829687
1841479
1846601
1869195
1871836
1872624
1875492
1894363
1936190
1950818
1967487
1968138
1972082
1979699
1993651
2002841
2008893
2019320
2026404
2036416
2047726
2058971
2091744
2122263
2126687
2131105
2174619
2198178
2493642
2498859
2509687
2515995
2542383
2553692
2571652
2576026
2576228
2577903
2581642
2586998
2594740
2612167
2626434
2627602
2631878
2632420
2634523
2638747
2665488
2680132
2685405
2695366
2701089
2734344
2736915
2743421
2746442
2748698
2752335
2764540
2783081
2784331
2814030
2822718
2828443
2849107
2855764
2859682
2862642
2863388
2863668
2869769
2889250
2908909
2913436
2918795
2922509
2925485
2928742
2943828
2944092
2946621
2968823
2973618
2981183
2981472
2986321
2989032
2992070
2996253
3002663
3017398
3018528
3026730
3029407
3030017
3066812
3079764
3183295
3220382
3222307
3226285
3228006
3263469
3276854
3281592
3319319
3338403
3352731
3397019
3423151
3423691
3429432
3463619
3487740
3498284
3500432
3514499
3616931
3619350
3629916
3644006
3647074
3895045
3899646
3903890
3933914
3945567
4057178
4062359
4068628
4082299
4083691
4095956
4119616
4126541
4130617
4133783
4842696
4848459
4863510
4880003
4919250
4959734
4974348
4975729
4977137
5011152
5302183
5316104
5322223
5331294
5332519
5546885
5564843
5597296
5614648
5620384
5843287
5845455
5872854
5881150
5882699
5899931
5914631
5948736
5967234
5976105
5998702
6000122
6040180
6045561
6061464
6515925
6528869
6553886
6573908
6584009
6872800
6896768
6918735
6941173
6945840
8192990
8197053
8219401
8219477
8254970
8276482
8287060
8311453
8317168
8340097
8723369
8723431
8738257
8768431
8768917