10
16
74
80
84
130
131
135
153
174
221
232
238
293
302
311
317
340
342
344
348
349
352
353
369
373
375
399
400
406
410
411
429
473
477
483
484
493
500
502
504
539
541
592
607
648
652
654
659
667
690
691
702
706
714
724
745
758
773
775
798
799
799
827
830
832
853
863
907
908
910
911
919
936
939
950
953
961
996
1004
1005
1014
1015
1037
1039
1044
1057
1068
1071
1074
1075
1077
1098
1113
1124
1125
1126
1130
1134
1136
1137
1141
1209
1222
1231
1234
1240
1247
1274
1285
1288
1316
1317
1339
1361
1364
1365
1374
1374
1384
1384
1385
1435
1458
1462
1468
1476
1487
1487
1490
1494
1495
1496
1558
1570
1579
1597
1606
1615
1618
1618
1648
1657
1659
1659
1659
1671
1677
1678
1694
1696
1698
1703
1703
1709
1719
1739
1767
1768
1778
1779
1798
1800
1805
1830
1846
1848
1869
1910
1917
1924
1943
1966
1968
1969
1972
1976
1982
1982
1986
2006
2006
2031
2037
2042
2045
2083
2083
2091
2097
2103
2103
2106
2111
2131
2132
2134
2153
2158
2171
2175
2208
2210
2221
2241
2251
2271
2298
2307
2322
2328
2337
2354
2366
2398
2404
2411
2441
2480
2488
2524
2530
2540
2555
2578
2589
2599
2601
2626
2656
2658
2694
2717
2738
2747
2773
2789
2792
2800
2806
2808
2822
2828
2840
2840
2846
2849
2853
2866
2870
2887
2901
2902
2931
2932
2951
2953
2964
2988
2990
2993
3010
3044
3054
3075
3087
3087
3088
3099
3118
3119
3121
3126
3140
3154
3163
3173
3185
3199
3223
3224
3227
3229
3231
3234
3241
3269
3271
3272
3285
3309
3327
3337
3340
3343
3349
3362
3373
3393
3407
3409
3417
3418
3427
3428
3447
3475
3481
3485
3490
3494
3498
3502
3506
3508
3520
3529
3538
3546
3563
3576
3581
3593
3608
3618
3621
3629
3633
3642
3664
3668
3674
3678
3686
3693
3693
3710
3715
3717
3718
3746
3764
3773
3778
3789
3797
3800
3813
3825
3869
3878
3926
3926
3942
3960
3964
3970
3979
3987
3991
4007
4009
4009
4016
4016
4045
4060
4063
4065
4072
4091
4108
4122
4146
4146
4178
4178
4180
4188
4188
4189
4222
4223
4246
4277
4311
4313
4314
4340
4351
4360
4381
4383
4417
4419
4426
4436
4439
4442
4447
4456
4483
4485
4490
4496
4496
4499
4502
4526
4533
4558
4597
4602
4608
4613
4631
4632
4638
4670
4688
4688
4691
4699
4708
4720
4736
4757
4766
4775
4793
4803
4817
4829
4868
4883
4884
4891
4894
4908
4910
4930
4975
4981
4987
4989
5005
5006
5013
5017
5020
5028
5063
5074
5082
5094
5120
5135
5137
5140
5146
5150
5155
5162
5166
5168
5170
5177
5184
5207
5215
5226
5231
5234
5236
5246
5249
5283
5284
5295
5304
5309
5315
5318
5324
5341
5354
5380
5393
5404
5415
5415
5447
5455
5470
5474
5482
5486
5497
5498
5502
5543
5546
5567
5580
5595
5603
5632
5665
5684
5688
5688
5689
5692
5694
5706
5711
5717
5728
5731
5736
5743
5748
5752
5759
5760
5762
5767
5784
5787
5795
5802
5807
5817
5842
5859
5860
5861
5870
5876
5878
5878
5879
5883
5894
5933
5945
5965
5972
5975
5984
5995
6010
6047
6054
6070
6095
6123
6156
6164
6170
6184
6215
6251
6270
6272
6273
6278
6300
6308
6357
6374
6376
6381
6407
6421
6435
6435
6474
6476
6487
6493
6524
6565
6572
6573
6580
6583
6589
6589
6607
6617
6626
6637
6637
6662
6674
6678
6680
6681
6687
6702
6711
6717
6725
6728
6735
6743
6757
6758
6762
6764
6765
6772
6781
6783
6807
6810
6821
6825
6846
6849
6849
6880
6881
6888
6928
6930
6930
6930
6932
6945
6948
6950
6956
6958
6961
6962
7002
7004
7023
7025
7029
7054
7057
7057
7058
7069
7070
7089
7100
7105
7107
7108
7115
7119
7121
7155
7172
7174
7198
7233
7239
7250
7273
7288
7294
7299
7305
7354
7372
7384
7398
7400
7431
7433
7463
7470
7498
7536
7562
7595
7608
7642
7664
7664
7671
7673
7677
7681
7681
7687
7689
7701
7702
7712
7720
7721
7726
7735
7737
7743
7747
7752
7756
7762
7763
7766
7766
7768
7773
7782
7782
7791
7796
7799
7803
7815
7848
7877
7889
7892
7896
7907
7925
7932
7936
7942
7959
7969
7970
7975
7985
7991
7992
8000
8001
8014
8029
8039
8039
8044
8065
8073
8090
8112
8132
8165
8171
8172
8182
8190
8191
8218
8220
8228
8251
8258
8267
8270
8314
8331
8333
8335
8338
8345
8347
8348
8386
8395
8397
8410
8413
8426
8434
8437
8443
8486
8497
8503
8521
8521
8540
8541
8546
8555
8559
8574
8583
8604
8614
8633
8643
8651
8660
8670
8707
8717
8726
8730
8746
8749
8758
8804
8808
8810
8824
8827
8831
8831
8835
8849
8849
8850
8855
8871
8978
8989
8992
9001
9006
9008
9013
9026
9030
9031
9031
9035
9048
9066
9073
9078
9087
9112
9131
9139
9148
9149
9149
9156
9159
9166
9177
9178
9200
9201
9223
9229
9233
9264
9277
9292
9302
9305
9305
9312
9321
9326
9349
9364
9378
9384
9400
9430
9471
9496
9518
9539
9546
9549
9553
9567
9571
9597
9602
9603
9614
9618
9619
9632
9642
9645
9652
9653
9656
9688
9695
9712
9721
9742
9745
9745
9758
9781
9782
9800
9810
9821
9829
9840
9843
9852
9866
9866
9873
9879
9884
9887
9889
9890
9900
9919
9945
9951
9958
9978
9989
10010
10011
10026
10044
10056
10073
10076
10081
10083
10084
10086
10093
10101
10129
10154
10176
10189
10192
10196
10238
10244
10248
10259
10260
10268
10286
10293
10302
10305
10334
10348
10359
10367
10371
10372
10376
10397
10404
10409
10411
10415
10423
10431
10451
10466
10483
10484
10488
10489
10500
10502
10527
10544
10545
10563
10601
10627
10631
10650
10657
10657
10691
10704
10710
10726
10736
10742
10754
10761
10762
10786
10791
10803
10808
10821
10823
10825
10831
10845
10845
10866
10868
10872
10893
10921
10934
10936
10943
10953
10994
10999
11011
11026
11047
11050
11083
11098
11140
11144
11156
11174
11181
11210
11215
11218
11241
11262
11274
11275
11276
11295
11311
11325
11325
11326
11332
11334
11343
11374
11387
11387
11429
11442
11460
11461
11464
11465
11491
11497
11506
11516
11539
11551
11557
11560
11563
11597
11605
11628
11639
11639
11661
11681
11682
11683
11687
11693
11699
11724
11731
11735
11736
11743
11756
11765
11767
11776
11785
11791
11796
11831
11834
11851
11873
11884
11885
11890
11890
11904
11910
11913
11915
11918
11953
11956
11961
11962
11966
11974
11982
11993
11997
12011
12022
12038
12047
12047
12054
12076
12101
12110
12124
12135
12154
12173
12180
12194
12200
12204
12215
12216
12217
12223
12225
12232
12244
12265
12286
12286
12314
12318
12320
12322
12323
12331
12335
12336
12337
12339
12342
12359
12366
12376
12392
12399
12410
12412
12427
12439
12458
12459
12489
12491
12498
12511
12532
12541
12545
12552
12563
12586
12608
12623
12650
12669
12671
12683
12704
12711
12719
12737
12740
12764
12798
12813
12820
12827
12843
12858
12865
12873
12904
12938
12953
12954
12966
12972
12984
12996
13003
13008
13011
13044
13051
13053
13054
13058
13060
13092
13101
13107
13111
13116
13146
13160
13160
13171
13189
13190
13205
13261
13282
13289
13290
13304
13320
13343
13345
13361
13364
13377
13380
13400
13417
13426
13426
13428
13451
13460
13465
13484
13503
13523
13558
13559
13561
13566
13567
13586
13586
13603
13609
13621
13629
13633
13638
13653
13656
13681
13691
13696
13727
13732
13733
13738
13752
13759
13761
13773
13800
13850
13858
13869
13874
13879
13883
13887
13887
13894
13916
13952
13973
13978
13978
13985
13992
14002
14010
14023
14067
14070
14073
14073
14090
14105
14105
14124
14132
14136
14151
14165
14186
14201
14211
14213
14239
14241
14247
14264
14287
14292
14308
14314
14321
14330
14342
14344
14366
14390
14409
14447
14450
14452
14461
14493
14499
14505
14505
14510
14515
14529
14533
14546
14552
14556
14562
14591
14595
14602
14621
14626
14628
14631
14643
14653
14674
14691
14692
14695
14713
14714
14715
14721
14737
14741
14741
14755
14766
14780
14780
14791
14800
14812
14856
14861
14865
14883
14891
14893
14897
14941
14958
14970
14984
14993
15025
15027
15030
15059
15067
15079
15099
15101
15113
15115
15127
15131
15158
15163
15183
15191
15204
15207
15234
15245
15247
15250
15252
15259
15276
15278
15280
15282
15293
15298
15306
15316
15365
15421
15431
15435
15439
15444
15451
15455
15458
15467
15494
15498
15507
15519
15534
15539
15543
15546
15554
15573
15576
15628
15673
15682
15687
15702
15714
15734
15743
15750
15754
15756
15783
15802
15809
15843
15844
15882
15887
15897
15901
15906
15916
15922
15942
15972
15988
15992
16000
16006
16006
16023
16035
16038
16055
16076
16077
16082
16099
16104
16108
16112
16120
16134
16134
16136
16153
16168
16172
16185
16187
16213
16256
16258
16268
16275
16277
16278
16283
16301
16301
16318
16335
16358
16365
16383
16408
16408
16422
16434
16455
16460
16460
16468
16481
16502
16508
16509
16517
16521
16554
16567
16589
16594
16600
16605
16618
16622
16624
16637
16641
16675
16681
16698
16702
16712
16720
16726
16731
16750
16779
16802
16811
16840
16862
16864
16880
16884
16927
16935
16939
16951
16978
16982
16987
16990
17009
17038
17048
17067
17083
17085
17097
17116
17121
17123
17125
17173
17174
17202
17209
17212
17230
17248
17257
17258
17264
17297
17298
17314
17318
17319
17322
17329
17346
17373
17373
17387
17391
17400
17433
17446
17467
17474
17492
17502
17515
17521
17523
17527
17533
17554
17559
17568
17574
17579
17604
17611
17621
17628
17645
17674
17677
17687
17712
17715
17716
17723
17733
17742
17743
17745
17794
17802
17807
17873
17880
17889
17891
17896
17899
17946
17957
17961
17968
17970
17982
17991
18001
18042
18050
18095
18098
18117
18150
18153
18156
18188
18204
18207
18216
18229
18236
18248
18277
18286
18307
18309
18311
18323
18334
18338
18339
18377
18389
18391
18401
18409
18421
18421
18431
18432
18454
18461
18464
18466
18468
18478
18486
18488
18493
18505
18507
18509
18518
18529
18537
18544
18546
18561
18566
18593
18606
18614
18627
18659
18718
18719
18725
18726
18733
18736
18788
18798
18845
18856
18867
18869
18875
18878
18883
18900
18909
18915
18939
18948
18953
18970
18976
19014
19017
19021
19036
19048
19078
19084
19095
19099
19125
19132
19149
19152
19167
19173
19177
19185
19189
19199
19202
19210
19211
19219
19220
19223
19225
19227
19234
19246
19269
19310
19312
19313
19326
19330
19334
19420
19435
19449
19467
19488
19488
19501
19503
19504
19513
19526
19539
19544
19549
19559
19562
19568
19582
19614
19617
19620
19639
19645
19665
19672
19682
19696
19731
19740
19745
19749
19751
19760
19761
19771
19778
19792
19796
19798
19807
19808
19899
19912
19920
19933
19962
19997
20016
20016
20022
20043
20045
20064
20075
20076
20092
20095
20101
20112
20116
20130
20134
20141
20209
20244
20260
20273
20281
20289
20294
20311
20331
20337
20350
20351
20375
20390
20395
20406
20408
20414
20443
20481
20491
20492
20494
20502
20506
20524
20531
20537
20542
20544
20554
20577
20579
20582
20631
20641
20656
20674
20675
20685
20695
20711
20717
20742
20746
20760
20766
20789
20792
20800
20806
20808
20814
20830
20867
20879
20891
20894
20906
20916
20925
20932
20934
20936
20944
20944
20947
20948
20951
20952
20954
20955
20959
20968
20977
20978
20979
20982
21024
21094
21096
21118
21119
21126
21150
21190
21204
21206
21209
21210
21210
21217
21233
21241
21260
21264
21278
21321
21322
21329
21348
21352
21363
21376
21381
21387
21395
21413
21417
21430
21434
21440
21453
21457
21457
21461
21487
21495
21524
21543
21547
21552
21554
21591
21601
21615
21618
21625
21632
21632
21647
21655
21661
21666
21695
21710
21722
21750
21757
21760
21761
21774
21786
21789
21802
21803
21803
21809
21816
21817
21839
21853
21863
21867
21868
21873
21883
21886
21909
21913
21913
21914
21930
21936
21957
21960
21964
21970
21977
21987
21994
21995
22036
22038
22052
22058
22067
22069
22085
22086
22095
22102
22109
22119
22125
22126
22133
22160
22197
22204
22212
22220
22240
22252
22253
22263
22269
22275
22279
22287
22297
22316
22329
22342
22349
22374
22374
22419
22420
22425
22446
22464
22472
22474
22503
22520
22522
22534
22561
22569
22571
22582
22586
22593
22601
22621
22635
22649
22669
22683
22691
22699
22710
22718
22722
22722
22729
22732
22735
22751
22759
22783
22784
22789
22789
22807
22824
22845
22854
22857
22870
22883
22888
22895
22902
22907
22908
22911
22938
22938
22940
22953
22966
22982
22996
23027
23037
23038
23042
23049
23051
23056
23084
23107
23117
23153
23167
23173
23216
23221
23233
23235
23241
23256
23276
23292
23305
23307
23329
23333
23388
23410
23412
23421
23426
23426
23430
23434
23439
23444
23451
23465
23489
23491
23498
23501
23512
23519
23529
23541
23555
23572
23582
23587
23637
23640
23676
23700
23701
23724
23725
23728
23743
23758
23767
23770
23774
23782
23785
23800
23808
23831
23839
23843
23853
23866
23883
23890
23891
23894
23901
23903
23907
23915
23923
23926
23929
23931
23933
23946
23950
23962
23966
23981
23985
23992
23998
24007
24007
24009
24048
24050
24096
24106
24125
24130
24159
24159
24162
24174
24210
24242
24245
24286
24296
24303
24308
24311
24343
24345
24382
24389
24392
24393
24415
24420
24429
24459
24471
24480
24481
24491
24501
24508
24515
24519
24539
24552
24583
24602
24638
24652
24652
24663
24701
24705
24705
24732
24742
24744
24752
24767
24767
24776
24786
24798
24839
24868
24912
24919
24942
24951
24974
24975
24986
25015
25016
25066
25077
25078
25127
25188
25232
25244
25260
25269
25283
25287
25289
25301
25302
25316
25318
25322
25330
25348
25361
25369
25377
25384
25396
25401
25403
25423
25468
25488
25496
25512
25514
25516
25518
25518
25524
25533
25550
25551
25554
25572
25580
25599
25611
25613
25615
25617
25623
25636
25646
25652
25676
25719
25722
25741
25764
25767
25767
25771
25785
25805
25808
25811
25852
25853
25865
25865
25879
25905
25913
25932
25938
25941
25954
25971
25988
25999
26007
26008
26010
26013
26029
26030
26042
26047
26054
26056
26060
26061
26100
26141
26152
26157
26164
26167
26184
26210
26211
26217
26220
26240
26241
26268
26297
26312
26314
26323
26323
26332
26339
26344
26351
26353
26370
26379
26398
26404
26461
26462
26471
26496
26512
26522
26541
26562
26600
26622
26628
26634
26635
26641
26654
26665
26684
26692
26704
26712
26712
26742
26773
26780
26791
26794
26801
26804
26815
26816
26818
26825
26834
26848
26848
26854
26896
26898
26917
26978
26990
27007
27015
27023
27028
27046
27049
27059
27070
27074
27104
27113
27119
27136
27142
27144
27164
27168
27171
27179
27221
27274
27284
27295
27313
27315
27324
27349
27354
27356
27364
27379
27388
27437
27458
27472
27472
27478
27480
27498
27508
27545
27547
27562
27564
27566
27583
27591
27604
27623
27635
27638
27639
27677
27678
27699
27701
27708
27719
27736
27754
27759
27761
27762
27765
27766
27785
27786
27787
27793
27793
27796
27800
27801
27808
27859
27862
27864
27869
27871
27872
27879
27898
27912
27921
27922
27937
27938
27946
27958
27960
27986
27994
27995
28009
28017
28024
28040
28044
28046
28049
28051
28088
28107
28112
28126
28137
28142
28144
28149
28174
28180
28181
28195
28197
28200
28207
28228
28236
28243
28245
28255
28258
28260
28274
28303
28306
28309
28315
28315
28322
28344
28350
28358
28363
28363
28375
28393
28402
28405
28408
28413
28452
28465
28467
28470
28501
28516
28526
28555
28561
28584
28588
28617
28617
28625
28626
28643
28657
28660
28663
28664
28671
28692
28696
28722
28737
28743
28764
28774
28811
28820
28829
28831
28847
28851
28860
28887
28892
28903
28903
28904
28907
28911
28913
28931
28934
28937
28954
28958
28966
28976
28979
28989
29052
29059
29059
29066
29076
29080
29085
29102
29110
29113
29119
29124
29138
29145
29172
29180
29181
29182
29196
29227
29273
29286
29299
29309
29314
29314
29316
29318
29357
29358
29364
29381
29403
29410
29418
29424
29430
29434
29440
29490
29500
29536
29542
29576
29632
29636
29647
29658
29664
29672
29679
29716
29770
29772
29784
29794
29804
29814
29825
29837
29850
29862
29870
29881
29887
29888
29901
29903
29904
29907
29923
29932
29935
29936
29939
29953
29956
29966
29967
29971
29996
30019
30029
30048
30080
30082
30101
30126
30133
30137
30145
30146
30174
30177
30179
30192
30208
30210
30221
30253
30255
30303
30308
30309
30317
30333
30340
30344
30352
30360
30361
30380
30422
30433
30438
30450
30474
30477
30484
30488
30512
30543
30560
30568
30576
30600
30600
30605
30616
30626
30657
30662
30663
30665
30685
30694
30705
30711
30716
30719
30752
30755
30758
30760
30762
30801
30844
30853
30872
30931
30943
30944
30947
30949
30956
30956
30963
30980
30981
30991
31004
31007
31028
31045
31048
31050
31050
31057
31065
31070
31071
31086
31086
31090
31093
31096
31103
31118
31124
31124
31126
31151
31172
31174
31182
31194
31218
31228
31230
31249
31251
31252
31275
31286
31293
31343
31365
31373
31381
31384
31391
31396
31401
31428
31436
31437
31471
31486
31490
31499
31525
31526
31540
31541
31543
31548
31554
31563
31565
31570
31572
31579
31587
31601
31624
31628
31644
31658
31676
31698
31713
31713
31714
31714
31731
31756
31759
31760
31761
31762
31810
31824
31831
31839
31859
31872
31890
31901
31926
31932
31935
31948
31959
31960
31968
31970
31975
31993
32001
32012
32018
32022
32043
32058
32070
32077
32115
32123
32132
32134
32137
32154
32156
32174
32214
32216
32234
32237
32248
32266
32268
32277
32284
32296
32332
32361
32396
32415
32418
32449
32463
32467
32492
32492
32506
32522
32523
32524
32539
32546
32566
32569
32574
32589
32595
32622
32641
32642
32651
32652
32695
32698
32702
32710
32720
32726
32742
32744
32744
32770
32781
32783
32791
32817
32823
32848
32873
32888
32890
32904
32916
32923
32940
32942
32942
32950
32953
32956
32959
32962
32997
33005
33037
33038
33039
33050
33055
33056
33057
33103
33103
33121
33133
33147
33171
33176
33194
33200
33208
33217
33247
33253
33270
33276
33278
33291
33292
33295
33325
33328
33343
33347
33347
33350
33373
33375
33382
33391
33397
33414
33414
33439
33442
33448
33461
33467
33476
33489
33498
33500
33513
33526
33539
33540
33553
33568
33573
33578
33579
33581
33605
33622
33644
33665
33671
33671
33680
33698
33708
33740
33781
33782
33809
33811
33814
33815
33829
33829
33846
33879
33905
33923
33924
33925
33937
33947
33949
33957
33960
33961
33979
33981
34016
34025
34025
34026
34058
34062
34062
34078
34082
34122
34179
34209
34222
34235
34263
34278
34278
34281
34340
34360
34361
34368
34385
34394
34420
34431
34439
34448
34453
34473
34473
34483
34566
34594
34616
34617
34639
34640
34644
34650
34700
34714
34715
34745
34754
34796
34805
34807
34817
34819
34837
34838
34842
34866
34867
34884
34917
34946
34949
34956
34961
34963
34967
34975
34983
34990
35002
35010
35015
35024
35093
35101
35107
35116
35135
35141
35163
35171
35203
35216
35217
35219
35231
35232
35242
35251
35251
35261
35261
35266
35266
35274
35277
35284
35289
35291
35334
35348
35352
35366
35371
35406
35408
35415
35425
35431
35450
35463
35468
35476
35491
35499
35503
35505
35510
35512
35522
35526
35535
35543
35548
35556
35565
35576
35605
35622
35626
35628
35636
35642
35645
35661
35670
35678
35678
35685
35686
35693
35710
35713
35718
35746
35753
35758
35758
35774
35779
35783
35783
35812
35820
35826
35831
35833
35840
35841
35842
35860
35862
35869
35870
35875
35881
35881
35909
35910
35919
35923
36017
36035
36040
36079
36082
36083
36090
36093
36095
36124
36154
36160
36164
36193
36194
36209
36221
36247
36274
36290
36300
36319
36323
36327
36338
36351
36354
36361
36374
36421
36451
36465
36478
36478
36499
36509
36550
36559
36560
36586
36588
36592
36598
36606
36614
36623
36629
36651
36656
36661
36672
36710
36713
36725
36734
36737
36742
36747
36774
36781
36787
36794
36797
36799
36801
36819
36821
36839
36851
36852
36858
36861
36924
36980
36985
36992
36992
37001
37004
37011
37021
37023
37029
37033
37041
37051
37081
37088
37095
37111
37114
37158
37174
37194
37198
37201
37224
37224
37226
37227
37230
37232
37243
37269
37278
37284
37316
37330
37337
37340
37346
37347
37367
37379
37380
37385
37392
37397
37406
37408
37410
37425
37429
37455
37462
37466
37467
37501
37526
37527
37551
37576
37576
37579
37588
37593
37621
37647
37649
37653
37668
37686
37695
37708
37714
37724
37727
37732
37740
37741
37777
37784
37789
37792
37796
37802
37805
37809
37822
37842
37862
37870
37874
37888
37895
37904
37910
37913
37928
37931
37933
37942
37959
37967
37970
37983
38012
38022
38041
38046
38046
38055
38071
38074
38091
38112
38117
38135
38137
38139
38139
38154
38155
38156
38156
38186
38187
38188
38189
38197
38245
38260
38268
38270
38271
38283
38287
38295
38300
38310
38320
38325
38329
38334
38337
38353
38370
38386
38389
38396
38416
38439
38443
38501
38508
38524
38536
38546
38560
38582
38584
38602
38613
38618
38636
38673
38691
38708
38708
38713
38733
38747
38750
38784
38794
38798
38805
38810
38822
38835
38836
38849
38853
38865
38876
38886
38901
38914
38920
38926
38927
38929
38937
38939
38941
38960
38980
38983
38992
38998
39021
39022
39026
39060
39073
39102
39106
39121
39125
39143
39160
39179
39212
39231
39237
39245
39252
39261
39268
39277
39279
39309
39310
39343
39356
39369
39376
39376
39385
39422
39445
39458
39466
39515
39523
39538
39552
39557
39559
39569
39571
39573
39585
39596
39620
39645
39660
39662
39698
39702
39704
39710
39714
39729
39765
39776
39789
39793
39798
39817
39820
39828
39834
39834
39839
39844
39862
39877
39879
39916
39991
40010
40012
40028
40031
40048
40066
40078
40095
40096
40104
40111
40172
40174
40176
40185
40188
40199
40211
40251
40264
40267
40269
40273
40299
40317
40340
40342
40347
40357
40369
40374
40376
40412
40414
40423
40445
40447
40463
40473
40479
40484
40495
40506
40509
40514
40526
40539
40550
40552
40560
40569
40599
40604
40606
40614
40618
40625
40634
40651
40682
40689
40703
40707
40715
40721
40752
40756
40757
40774
40781
40785
40798
40810
40823
40833
40849
40855
40886
40889
40898
40900
40900
40905
40914
40918
40928
40933
40954
40954
40973
40973
40990
40996
41001
41016
41023
41041
41048
41073
41074
41079
41119
41148
41154
41154
41156
41163
41178
41180
41184
41195
41197
41208
41228
41228
41229
41240
41252
41258
41259
41265
41268
41280
41285
41290
41299
41305
41320
41324
41327
41332
41336
41340
41343
41349
41374
41398
41400
41417
41418
41425
41427
41433
41436
41446
41453
41454
41455
41473
41494
41526
41543
41543
41575
41601
41619
41640
41657
41658
41665
41666
41685
41690
41722
41736
41736
41786
41801
41805
41810
41819
41829
41830
41841
41842
41849
41852
41885
41886
41901
41929
41934
41939
41941
41958
41964
41965
41969
41983
41994
41995
41997
42055
42056
42074
42103
42117
42133
42146
42148
42151
42159
42167
42168
42174
42203
42204
42226
42234
42253
42254
42304
42311
42345
42349
42352
42354
42387
42388
42418
42420
42422
42426
42440
42442
42452
42469
42495
42505
42516
42556
42562
42563
42591
42595
42599
42605
42624
42643
42645
42653
42698
42700
42717
42730
42731
42736
42747
42766
42777
42779
42795
42802
42834
42851
42853
42864
42869
42880
42893
42906
42920
42924
42926
42942
42944
42947
42957
42971
42971
42987
42992
43011
43012
43016
43016
43025
43029
43031
43035
43047
43118
43149
43172
43173
43183
43189
43190
43204
43209
43210
43223
43225
43231
43233
43242
43256
43273
43304
43317
43321
43339
43363
43370
43378
43381
43410
43431
43434
43437
43446
43446
43448
43457
43457
43461
43461
43462
43468
43485
43490
43502
43508
43514
43536
43538
43545
43588
43596
43598
43604
43608
43632
43641
43644
43646
43670
43671
43673
43676
43677
43692
43706
43720
43752
43757
43763
43767
43790
43791
43833
43843
43844
43858
43867
43870
43875
43881
43914
43935
43957
43972
43973
43976
44018
44021
44027
44028
44030
44032
44037
44072
44111
44117
44125
44145
44145
44148
44172
44188
44189
44203
44213
44218
44227
44231
44234
44240
44264
44266
44277
44279
44317
44345
44355
44356
44359
44367
44444
44446
44467
44483
44499
44502
44508
44542
44581
44585
44594
44601
44606
44655
44660
44660
44671
44671
44688
44699
44703
44743
44763
44766
44787
44788
44792
44793
44809
44814
44815
44837
44839
44843
44854
44855
44858
44872
44875
44906
44920
44928
44929
44962
44985
44990
44992
45005
45018
45041
45042
45042
45105
45132
45140
45146
45174
45187
45188
45189
45189
45195
45201
45206
45210
45220
45222
45244
45283
45299
45333
45337
45357
45368
45383
45387
45409
45414
45416
45417
45423
45432
45451
45493
45511
45512
45546
45575
45624
45656
45677
45704
45706
45772
45806
45806
45807
45834
45864
45876
45890
45915
45919
45920
45923
45927
45934
45940
45951
45952
45956
45969
45984
45996
46005
46007
46016
46022
46022
46027
46030
46031
46036
46036
46040
46045
46049
46061
46070
46076
46079
46086
46092
46097
46110
46116
46121
46125
46128
46159
46176
46191
46195
46210
46215
46219
46220
46229
46239
46253
46266
46293
46298
46300
46336
46339
46356
46368
46374
46393
46397
46413
46421
46428
46433
46462
46468
46482
46486
46491
46493
46501
46509
46543
46549
46552
46559
46576
46617
46618
46642
46644
46660
46669
46682
46690
46694
46714
46718
46741
46753
46761
46780
46782
46789
46792
46819
46828
46833
46851
46861
46868
46882
46909
46912
46913
46922
46929
46967
46973
47027
47035
47040
47052
47062
47075
47103
47105
47106
47113
47114
47124
47144
47171
47174
47219
47236
47236
47241
47256
47270
47284
47311
47314
47319
47328
47342
47351
47355
47358
47405
47416
47438
47444
47447
47462
47471
47473
47510
47513
47514
47577
47588
47611
47619
47625
47637
47680
47701
47708
47716
47718
47740
47755
47764
47768
47774
47810
47813
47825
47834
47840
47847
47851
47852
47853
47860
47887
47890
47911
47926
47941
47949
47964
47997
48025
48027
48034
48043
48053
48074
48079
48079
48087
48091
48122
48124
48139
48148
48159
48166
48173
48203
48215
48238
48252
48253
48257
48258
48260
48265
48281
48283
48289
48299
48301
48322
48330
48347
48353
48354
48364
48374
48376
48385
48395
48423
48443
48452
48467
48489
48497
48500
48509
48526
48545
48558
48560
48579
48590
48647
48651
48674
48677
48681
48682
48687
48687
48690
48700
48706
48709
48710
48714
48738
48753
48771
48777
48795
48796
48820
48847
48866
48893
48898
48919
48921
48923
48930
48939
48943
48945
48946
48958
48963
48972
49012
49013
49022
49041
49042
49049
49066
49080
49088
49116
49138
49147
49148
49184
49195
49200
49218
49225
49265
49286
49288
49296
49300
49303
49337
49340
49347
49384
49401
49412
49431
49441
49448
49448
49470
49519
49522
49546
49565
49580
49585
49588
49594
49596
49619
49656
49661
49675
49692
49733
49740
49751
49752
49759
49785
49794
49800
49810
49815
49847
49874
49893
49919
49926
49926
49978
49993
50013
50025
50031
50033
50035
50045
50051
50058
50063
50066
50068
50119
50122
50152
50174
50182
50188
50193
50217
50227
50227
50237
50242
50243
50243
50256
50267
50274
50324
50324
50340
50346
50361
50363
50368
50382
50419
50425
50432
50446
50446
50452
50457
50461
50483
50485
50489
50490
50494
50497
50521
50528
50543
50553
50572
50584
50608
50617
50630
50635
50644
50647
50651
50667
50687
50694
50734
50737
50763
50767
50769
50769
50802
50807
50811
50812
50836
50837
50861
50863
50877
50877
50878
50885
50896
50903
50909
50912
50925
50957
50961
50972
50989
50990
50996
50997
51030
51031
51033
51046
51048
51051
51053
51069
51075
51119
51126
51129
51136
51140
51147
51160
51164
51169
51174
51189
51226
51229
51230
51238
51241
51300
51348
51352
51356
51372
51374
51381
51399
51409
51422
51436
51437
51438
51440
51443
51447
51459
51462
51462
51469
51481
51505
51550
51554
51557
51563
51568
51578
51585
51596
51618
51647
51653
51662
51675
51700
51710
51721
51747
51767
51771
51779
51780
51819
51838
51858
51858
51866
51873
51880
51885
51888
51897
51943
51944
51944
51947
51948
51955
51955
51959
51974
51975
51980
52008
52018
52019
52024
52027
52034
52049
52056
52056
52078
52088
52098
52122
52127
52139
52145
52151
52154
52192
52220
52221
52233
52238
52251
52259
52289
52294
52298
52322
52326
52329
52338
52357
52366
52371
52398
52410
52425
52454
52461
52472
52475
52538
52564
52568
52568
52589
52614
52635
52642
52656
52657
52661
52664
52686
52689
52702
52721
52726
52737
52767
52775
52788
52804
52806
52817
52833
52834
52856
52862
52864
52869
52876
52881
52885
52928
52930
52931
52954
52965
52967
52974
52976
52996
52999
53002
53008
53011
53014
53019
53021
53023
53041
53083
53096
53107
53108
53140
53148
53172
53180
53193
53195
53236
53251
53256
53266
53268
53270
53271
53272
53281
53285
53341
53373
53394
53396
53397
53400
53417
53424
53439
53447
53455
53461
53465
53480
53483
53503
53528
53529
53548
53567
53572
53580
53588
53592
53599
53599
53607
53619
53629
53636
53652
53655
53693
53699
53726
53734
53737
53774
53783
53787
53787
53790
53795
53801
53837
53849
53857
53857
53887
53891
53895
53897
53898
53905
53910
53914
53924
53940
53943
53956
53975
53977
53981
53988
53990
54008
54016
54023
54033
54036
54056
54086
54099
54125
54125
54144
54162
54163
54184
54213
54217
54222
54233
54256
54257
54257
54263
54271
54276
54280
54313
54319
54321
54348
54354
54372
54375
54397
54401
54402
54425
54426
54451
54475
54480
54482
54504
54520
54530
54534
54534
54541
54545
54555
54560
54562
54565
54566
54577
54581
54581
54581
54582
54600
54616
54619
54628
54631
54643
54648
54659
54661
54662
54675
54682
54684
54686
54697
54703
54706
54725
54728
54733
54735
54738
54739
54743
54746
54753
54756
54766
54793
54794
54809
54817
54822
54826
54836
54844
54856
54856
54860
54863
54879
54886
54888
54894
54926
54926
54928
54939
54946
54949
54970
54981
54983
54985
55005
55011
55012
55025
55044
55063
55074
55090
55105
55108
55115
55142
55145
55155
55166
55168
55171
55176
55177
55177
55178
55199
55206
55213
55215
55235
55244
55250
55253
55273
55281
55284
55286
55296
55320
55331
55335
55340
55342
55364
55366
55374
55376
55378
55391
55395
55400
55413
55437
55441
55461
55461
55465
55466
55476
55491
55509
55516
55530
55552
55573
55585
55590
55596
55611
55628
55642
55660
55666
55667
55684
55686
55702
55704
55710
55711
55718
55722
55735
55748
55788
55795
55829
55832
55851
55863
55871
55872
55887
55895
55901
55902
55912
55917
55925
55925
55935
55978
56006
56007
56007
56015
56023
56039
56051
56054
56068
56096
56114
56127
56140
56160
56164
56172
56190
56191
56206
56207
56230
56233
56233
56242
56244
56250
56255
56294
56311
56314
56333
56335
56348
56356
56360
56373
56378
56380
56423
56432
56443
56444
56447
56447
56451
56455
56456
56457
56466
56485
56490
56504
56535
56539
56551
56556
56565
56565
56568
56568
56585
56585
56586
56587
56624
56625
56637
56637
56644
56653
56657
56675
56675
56680
56682
56690
56706
56710
56735
56756
56775
56782
56782
56787
56787
56791
56803
56836
56839
56846
56855
56866
56883
56890
56890
56904
56913
56921
56927
56933
56947
56984
57017
57018
57027
57029
57030
57037
57050
57052
57054
57073
57077
57111
57126
57126
57141
57146
57157
57172
57177
57178
57198
57205
57259
57270
57273
57274
57297
57320
57328
57343
57362
57375
57379
57386
57409
57410
57425
57437
57445
57450
57453
57463
57480
57493
57506
57523
57533
57541
57549
57578
57595
57615
57634
57637
57674
57679
57698
57706
57726
57732
57739
57757
57778
57792
57804
57806
57808
57818
57823
57849
57851
57862
57866
57869
57873
57892
57892
57896
57905
57925
57945
57954
57964
57969
57977
57984
57985
57999
58010
58018
58026
58029
58036
58036
58073
58082
58095
58116
58117
58152
58152
58156
58164
58188
58190
58227
58234
58237
58238
58249
58280
58314
58332
58332
58345
58345
58365
58366
58373
58389
58392
58393
58404
58421
58437
58457
58462
58467
58473
58491
58493
58501
58518
58521
58523
58530
58547
58556
58564
58576
58581
58612
58645
58659
58661
58668
58684
58693
58697
58715
58717
58723
58732
58748
58755
58760
58762
58775
58790
58794
58813
58826
58843
58843
58910
58917
58924
58924
58935
58979
58985
58990
59000
59032
59046
59060
59077
59098
59111
59113
59117
59156
59159
59183
59224
59236
59244
59254
59256
59259
59276
59280
59302
59315
59315
59315
59319
59334
59346
59347
59353
59354
59358
59363
59368
59374
59382
59382
59383
59385
59389
59408
59419
59453
59502
59509
59530
59532
59547
59550
59554
59578
59593
59594
59601
59642
59659
59663
59687
59693
59695
59705
59726
59737
59760
59771
59789
59796
59818
59858
59869
59881
59937
59944
59946
59950
59960
59964
59978
60007
60022
60037
60048
60061
60063
60086
60091
60106
60116
60137
60146
60166
60172
60177
60182
60187
60196
60201
60211
60218
60223
60224
60227
60240
60245
60262
60302
60305
60306
60309
60310
60324
60325
60326
60330
60365
60384
60386
60388
60389
60391
60409
60411
60434
60437
60440
60442
60448
60471
60488
60498
60517
60526
60527
60533
60540
60548
60554
60555
60563
60566
60570
60571
60571
60579
60627
60660
60664
60666
60674
60676
60679
60681
60685
60698
60715
60723
60788
60816
60825
60852
60853
60874
60897
60905
60915
60928
60933
60945
60987
61005
61010
61022
61027
61042
61049
61065
61073
61074
61083
61086
61102
61112
61114
61122
61123
61128
61136
61140
61166
61180
61205
61208
61208
61209
61223
61227
61230
61235
61237
61254
61259
61282
61288
61294
61300
61308
61326
61383
61384
61386
61388
61396
61396
61410
61418
61425
61431
61466
61500
61508
61512
61514
61515
61519
61534
61543
61548
61559
61560
61566
61587
61590
61597
61598
61606
61615
61620
61627
61631
61651
61652
61673
61693
61700
61738
61754
61766
61769
61801
61819
61830
61842
61847
61876
61886
61904
61912
61932
61958
61961
61964
61986
61989
61993
61995
62019
62019
62020
62055
62056
62066
62090
62108
62109
62127
62128
62139
62158
62163
62179
62191
62199
62200
62205
62211
62213
62214
62228
62235
62237
62268
62331
62359
62400
62404
62414
62424
62445
62451
62454
62455
62459
62462
62477
62493
62501
62502
62505
62509
62532
62536
62542
62552
62554
62556
62578
62586
62604
62607
62627
62640
62647
62648
62678
62681
62697
62708
62714
62716
62721
62723
62740
62748
62800
62832
62855
62861
62863
62863
62872
62880
62880
62915
62928
62938
62941
62962
62966
62986
63030
63031
63033
63045
63049
63068
63080
63096
63097
63102
63116
63117
63118
63137
63145
63204
63218
63240
63250
63267
63268
63284
63290
63302
63302
63307
63325
63336
63354
63355
63365
63385
63407
63414
63415
63419
63422
63434
63468
63482
63483
63491
63493
63501
63505
63520
63527
63527
63552
63561
63593
63602
63608
63613
63637
63645
63656
63685
63692
63693
63711
63716
63723
63730
63734
63758
63779
63779
63783
63808
63841
63884
63896
63897
63905
63913
63914
63932
63942
63960
63972
63974
63982
63988
64014
64016
64019
64028
64035
64061
64065
64076
64081
64099
64099
64101
64110
64111
64112
64118
64138
64158
64163
64175
64186
64197
64198
64211
64213
64225
64231
64241
64244
64246
64250
64258
64268
64276
64306
64332
64360
64361
64372
64381
64396
64438
64446
64451
64472
64489
64492
64495
64499
64515
64519
64520
64533
64560
64579
64598
64615
64615
64617
64635
64636
64654
64685
64692
64694
64708
64715
64735
64738
64750
64751
64762
64767
64767
64774
64785
64786
64813
64834
64836
64836
64872
64891
64898
64900
64922
64934
64949
64972
65005
65066
65080
65081
65091
65101
65116
65122
65136
65140
65159
65161
65161
65172
65185
65204
65212
65215
65224
65224
65228
65228
65242
65251
65256
65261
65265
65281
65303
65304
65313
65318
65350
65366
65373
65378
65390
65402
65420
65420
65421
65442
65454
65461
65485
65491
65500
65529
65549
65551
65560
65567
65593
65626
65665
65669
65671
65698
65700
65709
65711
65713
65716
65725
65733
65733
65733
65735
65735
65746
65747
65749
65752
65752
65757
65769
65797
65835
65836
65852
65858
65873
65876
65877
65887
65902
65903
65904
65911
65917
65921
65945
65963
65999
66012
66023
66031
66035
66046
66049
66051
66055
66057
66060
66087
66101
66121
66128
66128
66129
66137
66158
66162
66181
66185
66191
66196
66214
66237
66243
66256
66268
66269
66271
66272
66274
66283
66285
66288
66290
66311
66322
66324
66332
66342
66345
66366
66378
66378
66416
66422
66425
66427
66434
66443
66455
66458
66466
66471
66473
66477
66494
66509
66544
66546
66553
66563
66563
66563
66564
66566
66597
66605
66612
66615
66631
66636
66646
66659
66661
66668
66684
66695
66702
66713
66737
66762
66768
66780
66792
66798
66799
66812
66883
66887
66893
66935
66954
66966
66981
66983
66989
66999
67037
67040
67070
67071
67084
67102
67108
67126
67126
67126
67144
67170
67173
67190
67195
67208
67219
67220
67227
67232
67240
67261
67266
67268
67268
67271
67277
67281
67300
67328
67340
67340
67345
67359
67362
67371
67376
67383
67424
67438
67440
67458
67460
67465
67468
67473
67478
67485
67486
67501
67512
67522
67531
67555
67557
67577
67594
67608
67633
67633
67642
67648
67667
67667
67672
67674
67680
67685
67690
67731
67742
67744
67760
67764
67783
67799
67845
67859
67866
67869
67871
67895
67895
67901
67922
67929
67952
67959
67962
67983
67987
68001
68006
68011
68014
68047
68053
68055
68059
68068
68084
68092
68115
68116
68124
68126
68126
68149
68164
68169
68174
68179
68181
68239
68244
68244
68261
68267
68273
68286
68301
68307
68323
68327
68338
68347
68347
68362
68391
68396
68403
68420
68426
68439
68440
68441
68449
68450
68452
68453
68458
68483
68523
68536
68561
68566
68572
68584
68599
68603
68605
68608
68622
68626
68629
68634
68640
68649
68682
68684
68685
68687
68703
68724
68733
68741
68755
68786
68788
68806
68808
68810
68811
68819
68873
68878
68903
68903
68904
68911
68930
68934
68952
68955
68956
68967
68969
68971
68992
69007
69023
69029
69043
69047
69053
69071
69074
69075
69075
69081
69192
69208
69230
69236
69247
69248
69256
69259
69268
69279
69282
69298
69300
69355
69395
69409
69428
69433
69444
69451
69457
69458
69470
69472
69501
69507
69525
69552
69582
69587
69587
69595
69603
69613
69645
69657
69677
69677
69684
69698
69707
69718
69723
69724
69740
69747
69752
69766
69770
69779
69783
69816
69837
69838
69841
69848
69861
69894
69899
69908
69917
69920
69928
69931
69939
69942
69944
69968
69986
69992
70022
70048
70049
70070
70074
70087
70105
70110
70143
70156
70160
70168
70170
70191
70195
70200
70201
70232
70239
70254
70262
70264
70273
70274
70290
70290
70295
70296
70296
70301
70309
70312
70320
70328
70345
70350
70353
70366
70369
70375
70401
70401
70403
70403
70413
70439
70505
70505
70511
70515
70535
70538
70580
70582
70586
70588
70597
70602
70605
70606
70621
70638
70643
70649
70655
70662
70675
70693
70723
70735
70768
70788
70863
70867
70869
70888
70892
70923
70925
70940
70948
70959
70965
70966
70996
71013
71024
71034
71046
71054
71067
71095
71095
71096
71108
71116
71119
71130
71143
71168
71170
71176
71177
71180
71181
71189
71202
71221
71226
71254
71255
71255
71283
71299
71301
71332
71352
71365
71374
71399
71401
71415
71429
71443
71448
71468
71478
71480
71513
71514
71531
71599
71607
71619
71627
71640
71653
71655
71664
71666
71691
71697
71712
71720
71740
71745
71760
71783
71785
71791
71818
71819
71828
71829
71855
71885
71895
71898
71902
71907
71917
71919
71923
71937
71938
71943
71954
71956
71959
71967
71988
72019
72046
72048
72053
72059
72065
72089
72109
72110
72122
72125
72151
72186
72187
72192
72201
72207
72211
72212
72222
72234
72248
72270
72278
72279
72314
72341
72360
72370
72399
72416
72417
72429
72432
72456
72465
72479
72484
72505
72521
72541
72546
72558
72572
72573
72583
72592
72599
72602
72608
72619
72650
72675
72694
72714
72724
72728
72769
72780
72798
72804
72818
72839
72847
72854
72873
72881
72891
72894
72903
72908
72924
72929
72946
72954
72955
72962
73025
73030
73045
73065
73067
73076
73091
73109
73119
73144
73149
73155
73166
73177
73202
73205
73219
73220
73232
73236
73240
73243
73248
73249
73259
73261
73265
73278
73279
73293
73304
73306
73338
73371
73372
73379
73390
73391
73402
73437
73441
73450
73454
73466
73471
73473
73507
73529
73529
73531
73540
73563
73564
73571
73574
73583
73596
73599
73601
73610
73639
73646
73665
73665
73677
73693
73696
73699
73708
73715
73726
73755
73764
73791
73812
73846
73862
73873
73899
73972
73988
73988
73992
73996
73999
74001
74012
74040
74053
74073
74083
74120
74134
74135
74146
74156
74160
74166
74168
74181
74191
74239
74250
74255
74281
74301
74303
74314
74319
74321
74334
74347
74377
74382
74387
74389
74398
74399
74400
74403
74432
74459
74476
74477
74485
74512
74526
74534
74537
74545
74547
74548
74548
74549
74559
74599
74611
74616
74616
74652
74652
74702
74727
74728
74761
74762
74767
74770
74772
74772
74774
74780
74789
74794
74815
74835
74837
74838
74853
74868
74869
74879
74884
74891
74894
74913
74918
74927
74935
74945
74945
74967
74969
74973
74975
74994
75040
75057
75075
75095
75134
75138
75142
75145
75162
75165
75184
75192
75204
75209
75210
75212
75214
75240
75252
75262
75264
75293
75305
75318
75325
75325
75333
75347
75357
75358
75368
75411
75437
75497
75497
75503
75511
75512
75515
75516
75517
75517
75536
75538
75564
75588
75592
75604
75612
75621
75621
75626
75654
75660
75672
75674
75676
75679
75688
75712
75757
75761
75776
75776
75848
75861
75863
75874
75898
75899
75919
75926
75945
75972
75974
75983
75987
75992
75994
75995
76006
76016
76030
76038
76060
76073
76083
76094
76101
76111
76116
76119
76132
76149
76152
76153
76167
76176
76181
76225
76226
76244
76245
76287
76296
76307
76314
76339
76341
76344
76348
76348
76370
76374
76384
76391
76408
76444
76444
76448
76463
76477
76490
76495
76501
76506
76523
76538
76538
76539
76547
76556
76559
76566
76570
76579
76633
76644
76662
76662
76679
76697
76704
76708
76720
76726
76761
76762
76782
76785
76792
76793
76799
76810
76832
76843
76858
76865
76865
76865
76884
76890
76900
76903
76907
76936
76954
76967
76967
76968
76982
77005
77006
77022
77023
77039
77057
77062
77067
77071
77095
77109
77161
77161
77164
77169
77199
77202
77228
77236
77237
77241
77248
77249
77261
77279
77280
77285
77313
77322
77343
77353
77397
77401
77401
77408
77409
77419
77428
77473
77478
77513
77520
77522
77528
77542
77551
77570
77581
77582
77587
77597
77609
77633
77638
77666
77684
77706
77726
77733
77739
77757
77760
77760
77763
77765
77773
77777
77781
77783
77789
77790
77815
77822
77824
77828
77830
77843
77845
77864
77874
77876
77896
77902
77913
77943
77950
77963
77997
78025
78058
78097
78127
78145
78165
78193
78207
78208
78209
78216
78220
78243
78245
78249
78266
78266
78277
78325
78333
78335
78340
78360
78382
78428
78474
78490
78492
78492
78495
78550
78562
78577
78603
78611
78630
78632
78658
78678
78701
78703
78705
78709
78742
78742
78759
78764
78784
78792
78799
78799
78806
78808
78812
78812
78815
78816
78819
78823
78826
78884
78929
78934
78935
78937
78943
78944
78958
78961
78969
78970
78974
78992
78993
79006
79007
79015
79019
79021
79023
79034
79051
79051
79054
79070
79075
79084
79087
79122
79123
79128
79136
79142
79165
79168
79190
79197
79199
79208
79210
79212
79222
79241
79246
79253
79262
79266
79280
79289
79312
79313
79317
79345
79346
79355
79366
79400
79415
79418
79419
79436
79444
79445
79449
79453
79482
79490
79498
79500
79503
79504
79510
79522
79526
79535
79535
79635
79654
79676
79677
79691
79700
79702
79704
79714
79721
79723
79725
79744
79796
79822
79834
79875
79895
79913
79921
79922
79930
79933
79936
79961
79969
79972
79985
80001
80011
80011
80029
80044
80061
80066
80071
80107
80112
80169
80175
80176
80195
80199
80209
80227
80235
80242
80256
80261
80266
80279
80294
80295
80299
80308
80325
80325
80325
80326
80338
80352
80353
80355
80357
80364
80367
80372
80372
80377
80399
80400
80420
80423
80432
80439
80446
80463
80464
80468
80484
80486
80507
80509
80537
80547
80554
80563
80570
80577
80585
80589
80615
80625
80626
80631
80651
80659
80674
80677
80702
80732
80753
80761
80766
80771
80792
80799
80803
80810
80831
80835
80838
80841
80851
80865
80886
80892
80899
80904
80906
80911
80949
80957
80983
80984
80991
81002
81003
81013
81021
81023
81034
81053
81100
81102
81107
81109
81115
81124
81131
81134
81174
81179
81213
81218
81230
81239
81241
81274
81283
81287
81292
81293
81307
81313
81337
81350
81359
81365
81377
81388
81418
81432
81433
81437
81446
81463
81472
81474
81474
81480
81524
81528
81529
81540
81549
81552
81593
81607
81615
81618
81622
81624
81633
81637
81641
81646
81647
81655
81673
81674
81701
81720
81722
81732
81735
81736
81741
81744
81747
81749
81750
81775
81780
81796
81806
81815
81861
81868
81876
81892
81895
81897
81907
81909
81914
81926
81936
81983
81989
81998
82001
82014
82023
82051
82082
82082
82086
82095
82097
82114
82119
82124
82134
82145
82168
82198
82199
82205
82206
82207
82211
82219
82219
82220
82277
82278
82294
82296
82305
82310
82322
82349
82356
82363
82367
82401
82402
82427
82435
82435
82437
82451
82467
82470
82480
82502
82508
82514
82521
82524
82531
82535
82536
82559
82617
82669
82681
82683
82685
82687
82702
82717
82728
82742
82744
82750
82762
82775
82802
82804
82809
82822
82858
82866
82869
82888
82895
82930
82932
82948
82957
82963
82964
82978
82980
82981
82994
83015
83017
83025
83027
83043
83063
83068
83100
83112
83118
83119
83123
83143
83178
83187
83202
83204
83204
83206
83220
83229
83245
83245
83253
83254
83290
83313
83324
83329
83348
83364
83367
83392
83398
83399
83407
83411
83412
83427
83435
83443
83447
83458
83490
83495
83511
83512
83521
83548
83549
83566
83586
83626
83629
83645
83680
83684
83697
83704
83725
83728
83731
83738
83758
83782
83785
83785
83796
83808
83814
83826
83831
83838
83839
83852
83856
83915
83923
83929
83939
83971
83973
83979
83980
83986
84008
84013
84023
84039
84078
84092
84103
84106
84109
84162
84169
84179
84180
84185
84198
84215
84219
84227
84235
84271
84286
84300
84312
84319
84333
84336
84337
84359
84363
84370
84376
84386
84409
84460
84467
84511
84517
84519
84526
84528
84562
84577
84585
84589
84591
84593
84597
84602
84603
84607
84609
84613
84624
84633
84634
84636
84646
84661
84676
84679
84681
84703
84711
84729
84743
84762
84771
84825
84844
84846
84848
84875
84881
84906
84914
84928
84928
84938
84947
84959
84990
84996
84999
85035
85039
85045
85085
85100
85105
85113
85115
85146
85147
85151
85168
85175
85180
85196
85211
85221
85223
85229
85235
85235
85239
85242
85243
85254
85255
85260
85260
85264
85272
85275
85280
85285
85308
85320
85337
85376
85380
85401
85408
85411
85413
85416
85424
85432
85442
85462
85464
85469
85471
85484
85490
85504
85505
85507
85517
85531
85536
85548
85554
85570
85597
85598
85641
85642
85656
85667
85672
85674
85703
85718
85720
85721
85724
85725
85729
85736
85739
85740
85746
85753
85762
85764
85774
85777
85780
85791
85794
85796
85804
85804
85807
85830
85834
85858
85862
85877
85891
85895
85906
85913
85917
85944
85951
85954
85976
85978
85990
85990
86002
86004
86011
86012
86021
86025
86027
86035
86038
86040
86056
86133
86148
86149
86154
86162
86195
86208
86229
86247
86260
86269
86276
86294
86310
86310
86316
86318
86326
86326
86339
86347
86357
86369
86375
86433
86461
86466
86476
86478
86481
86513
86524
86532
86545
86548
86561
86588
86601
86637
86648
86652
86663
86666
86667
86701
86717
86722
86755
86770
86810
86818
86822
86823
86824
86832
86837
86838
86874
86886
86901
86905
86910
86915
86980
86982
86986
87023
87058
87064
87067
87073
87091
87093
87106
87121
87133
87143
87151
87161
87176
87181
87208
87216
87232
87249
87257
87266
87277
87294
87359
87365
87380
87394
87398
87415
87421
87422
87448
87456
87480
87487
87495
87503
87505
87512
87528
87534
87541
87563
87577
87596
87606
87614
87625
87626
87641
87682
87691
87703
87703
87708
87708
87711
87713
87715
87719
87730
87737
87738
87741
87771
87795
87795
87797
87804
87811
87812
87833
87835
87842
87849
87855
87856
87871
87879
87881
87899
87906
87918
87919
87919
87924
87924
87931
87939
87939
87952
87952
87978
87995
88000
88517
88626
88853
88892
89387
89410
89583
89950
91481
91528
92609
92609
92954
93175
93262
93478
93589
94401
94524
94635
95493
95876
96185
96229
96284
96458
96691
96928
96982
97006
97130
97209
97214
97295
97308
97394
97712
97880
98901
99379
99383
99530
99796
100747
100785
100808
100906
101073
101791
101832
101948
102450
102809
103087
103112
104019
104130
104173
105127
105577
105653
105876
106577
106688
106809
107004
107005
107833
107916
108510
109487
109528
110228
111501
111505
112095
112624
112747
112822
113146
113336
113475
114187
114575
114776
114940
114987
115114
115180
115262
115841
116066
116324
116490
116576
116614
116816
117752
118164
118350
119151
119235
119891
120095
120592
120699
120726
120945
121133
121152
121322
121606
122172
122380
122809
123150
123304
123351
123796
123840
124643
124943
125301
125941
126421
126525
126597
127027
127066
127213
127553
127563
127983
128500
128591
128945
129010
129025
129693
129755
130258
130568
130700
130859
131008
131055
131221
131678
131889
132209
132286
132312
132809
133110
133508
134507
134786
134895
134922
134968
135312
135446
135782
136296
138319
139143
139257
139322
139863
140340
140650
140663
141069
141450
141900
142345
142506
142665
142896
143070
143299
143562
143890
144192
144752
144754
144757
145521
145647
145876
146251
146468
147000
147006
147009
147556
147669
147798
148127
148524
148913
149469
149951
150078
150212
150251
150388
150654
150755
151172
151512
151712
152008
152717
153341
154774
154884
155002
155220
155412
155697
155801
156196
156381
157198
158314
158374
158559
158725
158787
159261
159718
159864
161274
162264
162399
162544
162641
163065
163179
163295
163506
164076
164268
164449
164514
165232
165306
165481
165568
165806
166403
166550
166710
167848
168323
168530
168615
168867
169071
169489
170810
170863
172193
172314
172600
172990
173360
173820
173937
174032
174066
174317
174656
175222
175261
175338
175683
175913
176182
177142
177241
178128
178233
180356
181064
182133
182368
182423
182483
183696
184284
185589
185793
186127
186745
188130
188405
188696
190426
191022
191677
194311
194572
194652
194885
195707
197484
199160
199315
200452
200864
200920
201114
201491
202077
202135
202941
203323
204370
204530
206877
208879
209045
209784
209986
210616
211176
211180
213482
214145
214483
214546
214626
215038
216911
219382
219615
219824
219927
220850
221375
221559
221598
222411
222910
222972
224085
224560
225330
226471
228177
228533
229662
229676
229920
229985
230385
230728
231305
231709
232019
233010
233382
235967
236808
237005
237540
239974
240555
242557
243081
243607
245235
245488
246981
247360
247447
247811
248225
248303
248819
249821
249845
250132
250244
250711
251204
251368
251941
252452
252631
253328
254618
257135
257279
257690
258495
259056
259375
260457
261200
261575
262935
263537
267442
267481
268773
269675
271151
274348
274363
275946
276298
277696
279578
279958
280676
281970
282033
284071
285604
286293
286727
288114
289414
290569
292140
292936
293171
294902
296213
300115
300893
301947
306910
307879
308714
313259
315601
316693
319947
324261
325593
325702
328645
331568
332905
333768
334193
334254
334932
336444
338923
343108
344503
347396
348241
348522
353409
357131
357687
357928
358454
358632
359011
360979
361019
361317
362413
363592
363882
364127
364593
365833
366479
367533
368554
368610
368637
369022
369527
370432
371340
375130
375803
377668
378293
378692
379187
379951
380545
381208
381953
382602
382723
383242
383401
385619
386262
386639
386975
388723
390391
392611
392897
394519
395895
397682
398121
399041
399425
400172
401447
404410
404584
405154
406189
406394
406428
406589
407925
408203
409878
410855
412935
412977
413511
413609
413740
414973
415160
419206
421039
422065
422340
423253
424197
426949
428775
434333
434660
436462
436778
438550
439095
439572
439678
439778
441452
441694
444170
444862
444971
445110
446893
447999
448076
448653
449791
450521
450877
451192
452594
452928
454017
454987
455409
456318
458880
460427
461344
461374
462163
462232
464590
466879
467062
468320
468761
471370
473050
473191
473570
474659
477346
480758
486654
487265
487522
487622
488642
489148
489665
489762
493176
493687
494330
495027
500669
501269
502025
502550
502693
510441
510883
512452
513893
516147
518028
518323
518335
519989
520041
520131
520170
522317
523169
524532
526407
526728
532508
536770
550597
552702
555354
556080
558904
563717
563816
564540
567276
569414
573531
575436
581642
581957
589625
593097
593675
596096
596978
597503
597593
598528
600704
602665
602836
603173
603472
604653
605559
606385
608207
610645
612907
613864
627432
633427
634745
640974
652787
662015
662702
674586
703304
709380
725748
736052
748636
759944
767622
774365
784017
784823
794927
801592
803721
818009
824681
837318
845331
861571
868102
885225
885438
895015
899451
899619
903497
910487
911087
917553
921447
924088
926930
930150
932839
935632
937420
939444
947180
968504
969020
970092
972556
973230
973747
974305
975661
976161
979019
981533
982075
982214
983751
984316
985040
985841
986647
986688
989262
990844
991386
991414
995113
995407
995572
997511
998676
998701
999042
1000653
1001534
1002591
1002609
1002724
1003570
1007319
1007453
1007605
1007671
1007819
1010541
1011093
1013617
1015339
1017329
1017366
1018211
1021138
1022064
1022683
1023687
1024523
1024667
1024753
1024920
1025161
1026200
1026479
1027152
1028548
1028570
1030967
1031360
1032373
1032459
1032747
1033031
1033278
1035332
1036826
1037081
1037982
1040700
1041603
1042885
1044416
1044491
1044549
1044784
1046669
1048026
1051579
1053337
1054070
1054382
1055096
1055612
1055910
1055933
1154552
1154689
1161659
1167662
1169897
1172401
1181919
1209017
1226778
1241368
1259236
1266484
1268771
1287114
1288704
1295111
1298478
1315020
1327925
1329827
1330150
1334725
1338080
1341815
1347670
1351543
1352978
1359157
1362507
1371284
1374212
1375620
1386334
1391855
1402274
1404379
1421184
1421580
1429333
1431969
1449738
1486797
1489670
1493775
1495390
1501417
1520420
1540680
1543514
1552907
1553605
1563836
1564209
1577254
1586918
1589831
1592168
1607773
1618646
1624464
1651767
1652267
1666079
1676341
1677078
1680417
1684187
1685075
1686690
1686762
1687937
1693834
1697733
1699072
1705600
1706154
1711481
1714732
1720407
1729367
1729776
1733374
1740299
1748576
1748728
1750298
1750907
1755257
1757399
1758250
1770844
1777193
1777690
1781013
1797850
1818089
1826212
1827553
1838957
1860982
1866013
1875316
1876550
1896487
1911280
1916613
1921398
1926899
1936650
1938000
1947026
1949071
1950037
1955176
1956621
1959647
1964862
1967471
1972018
1990341
1995431
2002446
2009764
2013316
2015372
2019294
2024502
2037274
2055734
2059467
2069441
2096957
2103194
2104698
2108367
2112299
2124720
2127583
2137329
2142316
2143880
2146330
2161978
2182874
2470393
2493241
2498127
2500257
2505898
2508847
2512149
2530068
2532603
2553982
2554582
2557886
2558404
2559957
2559975
2565534
2565752
2568331
2569115
2573449
2580404
2581058
2585130
2592537
2593181
2597117
2602673
2603050
2610255
2614649
2619964
2624828
2624859
2626641
2631837
2637951
2657947
2661279
2671443
2674504
2695507
2699482
2705531
2718519
2718574
2731460
2742850
2749743
2752323
2756669
2757560
2758802
2763020
2765338
2767291
2768291
2769686
2781569
2786180
2790949
2792228
2799693
2803375
2817968
2829710
2839276
2842517
2851088
2853468
2856502
2858148
2860017
2863447
2873805
2875321
2876275
2888653
2889867
2890772
2898148
2899411
2904365
2907160
2908691
2920497
2926528
2926868
2930648
2934402
2938192
2941511
2943123
2945269
2954867
2956905
2957062
2961553
2962366
2963086
2968112
2970116
2973759
2973986
2977372
2977447
2981227
2982161
2983943
3001279
3002190
3002763
3002853
3003729
3005008
3016410
3019328
3024074
3027114
3031985
3033022
3044781
3048710
3052679
3059081
3068989
3074956
3168872
3172214
3176475
3198177
3201012
3205349
3209205
3236380
3248450
3265889
3277569
3290516
3298016
3298360
3301181
3303326
3315749
3341097
3346962
3349889
3352845
3385534
3406214
3407541
3410539
3423257
3424827
3436575
3442914
3450634
3481316
3485613
3489015
3496127
3516138
3519067
3614506
3629346
3653417
3656606
3659955
3672027
3676370
3690002
3693864
3875668
3884456
3884963
3922644
3924049
3926179
3939027
3943569
3951011
4048954
4063057
4063855
4070122
4084297
4089711
4092708
4092937
4101677
4105362
4107058
4111640
4113761
4113793
4115822
4117022
4133002
4134817
4841573
4859749
4869784
4873170
4876081
4878877
4891674
4893214
4894528
4939315
4946226
4965267
4972446
4984842
4985174
4986694
5002856
5015839
5310878
5334066
5334153
5338994
5342456
5342850
5345359
5348685
5356055
5590746
5596364
5601951
5605904
5607219
5610948
5616358
5617608
5627071
5822972
5823355
5824236
5852825
5862961
5870895
5874748
5876948
5888816
5901164
5913999
5918145
5946408
5953195
5954040
5956025
5956572
5971871
5986389
6015980
6018400
6025793
6038735
6050843
6057939
6064965
6068537
6515115
6515684
6521231
6551929
6560575
6562357
6574099
6574145
6576183
6867104
6868168
6870527
6880460
6887305
6902275
6914602
6942824
6943376
8197658
8209259
8213054
8222698
8225044
8226331
8257095
8264430
8265809
8275654
8292043
8296115
8298234
8310252
8350753
8351491
8353921
8355123
8713116
8718889
8721647
8723793
8727770
8728705
8748218
8752119
8762295